language	iso_code	gloss	global_id	local_id	transcription	cognate_class	tokens	notes
Alak	alk	I, me	1		ʔal	9	ʔ a l	7al
Bahnar-Golar	bdq	I, me	1		ʔiɲ	1	ʔ i ɲ	7i5
Bahnar-Kontum	bdq	I, me	1		ʔiɲ	1	ʔ i ɲ	7i5
Bahnar-Pleiku	bdq	I, me	1		ʔiɲ	1	ʔ i ɲ	7i5
Brao	brb	I, me	1		ʔaj	10	ʔ a j	7ay
Cua	cua	I, me	1		go	11	g o	go
Halang	hal	I, me	1		ʔau	10	ʔ au	7au
Jeh	jeh	I, me	1		ʔaw	10	ʔ a w	7aw
Jru-Laven	lbo	I, me	1		ʔaːj	10	ʔ aː j	7ay
Mnong-Rölöm	mng	I, me	1		ʔaɲ	1	ʔ a ɲ	7a5
Nyaheun	nev	I, me	1		ʔaː	10	ʔ aː	7a
Rengao	ren	I, me	1		ʔaw	10	ʔ a w	7aw
Sedang	sed	I, me	1		ʔaw	10	ʔ a w	7aw
Sre	kpm	I, me	1		ʔaɲ	1	ʔ a ɲ	7a5
Stieng	sti	I, me	1		hej	12	h e j	hey
Bru-Talan	oog	I, me	1		kɨː	2	k ɨː	k3
Bru-Ubon	bru	I, me	1		kɤw	2	k ɤ w	kow
In	irr	I, me	1		kɨː	2	k ɨː	k3
Katang	kgd	I, me	1		kaw	2	k a w	kaw
Katu-AnDiem	ktv	I, me	1		kuː	2	k uː	ku
Kui(Sriwises1978)	kdt	I, me	1		kaw	2	k a w	kaw
Kui(Sriwises1978)	kdt	I, me	1		haj	12	h a j	hay
Kui(Huffman1979)	kdt	I, me	1		kʌw	2	k ʌ w	kow
Mankong	sss	I, me	1		kɨ̤ʔ	2	k ɨ̤ ʔ	k37
Nge'	ngt	I, me	1		kəw	2	k ə w	k3w
Pacoh	pac	I, me	1		kɯː	2	k ɯː	ku
So-Khammouane	sss	I, me	1		ŋko̤aʔ	2	ŋ k o̤a ʔ	Nkoa7
So-SakonNakhon	sss	I, me	1		ŋkɑ̤ʔ	2	ŋ k ɑ̤ ʔ	Nka7
So-SakonNakhon	sss	I, me	1		hiʔ	12	h i ʔ	hi7
Souei-Saravan	kdt	I, me	1		kɨː	2	k ɨː	k3
TaOi	tto	I, me	1		kɨː	2	k ɨː	k3
Pnar	pbv	I, me	1		ʔɔ	3	ʔ ɔ	7o
Khmer-Surin	kxm	I, me	1		ʔaɲ	1	ʔ a ɲ	7a5
Khmer-Standard	khm	I, me	1		kʰɲum	4	kʰ ɲ u m	kh~5um
Idu	tyh	I, me	1		naʔɛ̰̂ːŋ	5	n a ʔ ɛ̰̂ː ŋ	na7EN
Khmu-Cuang	kjg	I, me	1		ʔoʔ	3	ʔ o ʔ	7o7
Khmu-Yuan	kjg	I, me	1		ʔòʔ	3	ʔ ò ʔ	7o7
Mal-T'in	mlf	I, me	1		ʔəɲ	1	ʔ ə ɲ	735
Bugan	bbh	I, me	1		ɔ̱³¹	3	ɔ̱	o
Mang	zng	I, me	1		ʔuː⁴	3	ʔ uː	7u
Nyahkur	cbn	I, me	1		wɛ́j	6	w ɛ́ j	wEy
Mon	mnw	I, me	1		ʔoa	6	ʔ oa	7oa
Gorum	pcj	I, me	1		miŋ	1	m i ŋ	miN
Kharia	khr	I, me	1		iŋ	1	i ŋ	iN
Santali	sat	I, me	1		ʔɤʔ	3	ʔ ɤ ʔ	7o7
Sora	srb	I, me	1		iɲ	1	i ɲ	i5
Sora	srb	I, me	1		ɲen	1	ɲ e n	5en
Car	caq	I, me	1		cin	7	c i n	Tin
Nancowri	ncb	I, me	1		ca	7	c a	Ta
Nancowri	ncb	I, me	1		cɯa	7	c ɯa	Tua
Lawa(Ratanakul)	lcp	I, me	1		ʔe	3	ʔ e	7e
ManMet	mml	I, me	1		ɔʔ⁵³	3	ɔ ʔ	o7
Palaung-Dara'ang	pce	I, me	1		Ɂo	3	Ɂ o	7o
Palaung-Kalaw	pce	I, me	1		ʔowniː	3	ʔow niː	7owni
Palaung-Namhsan	pce	I, me	1		ʔɔ	3	ʔ ɔ	7o
Riang-Sak	ril	I, me	1		ʔoʔ¹	3	ʔ o ʔ	7o7
Wa-Praok	prk	I, me	1		aə	3	aə	a3
Karii	pkt	I, me	1		tɛːʔ	8	t ɛː ʔ	tE7
Ruc	scb	I, me	1		ho	8	h o	ho
Bahnar-Golar	bdq	alcohol/liquor	2		hədroː	18	h ə d r oː	h3dro
Bahnar-Kontum	bdq	alcohol/liquor	2		siːk	26	s iː k	sik
Bahnar-Pleiku	bdq	alcohol/liquor	2		siːk	26	s iː k	sik
Jeh	jeh	alcohol/liquor	2		nnah	33	nn a h	nnah
Sre	kpm	alcohol/liquor	2		tərnom	34	t ə r n o m	t3rnom
Bru-Ubon	bru	alcohol/liquor	2		blɔŋ	35	b l ɔ ŋ	bloN
Katang	kgd	alcohol/liquor	2		blɔŋ	35	b l ɔ ŋ	bloN
Kui(Sriwises1978)	kdt	alcohol/liquor	2		blɔŋ	35	b l ɔ ŋ	bloN
Kui(Huffman1979)	kdt	alcohol/liquor	2		blɑŋ	35	b l ɑ ŋ	blaN
Mankong	sss	alcohol/liquor	2		blɑŋ	35	b l ɑ ŋ	blaN
Nge'	ngt	alcohol/liquor	2		riːw	31	r iː w	riw
Pacoh	pac	alcohol/liquor	2		ʔariəw	31	ʔ a r iə w	7ari3w
So-Khammouane	sss	alcohol/liquor	2		blɑŋ	35	b l ɑ ŋ	blaN
So-SakonNakhon	sss	alcohol/liquor	2		blɑŋ	35	b l ɑ ŋ	blaN
Souei-Saravan	kdt	alcohol/liquor	2		blɔŋ	35	b l ɔ ŋ	bloN
TaOi	tto	alcohol/liquor	2		riːw	36	r iː w	riw
Khasi	khi	alcohol/liquor	2		kʔiat	13	k ʔ ia t	k7iat
Pnar	pbv	alcohol/liquor	2		kiat	13	k ia t	kiat
War-Lamin	aml	alcohol/liquor	2		rʊə	14	r ʊə	ru3
Khmer-Surin	kxm	alcohol/liquor	2		sraː	15	s r aː	sra
Khmer-Standard	khm	alcohol/liquor	2		sraː	15	s r aː	sra
Idu	tyh	alcohol/liquor	2		brâ̰ːj	16	b r â̰ː j	bray
Khmu-Cuang	kjg	alcohol/liquor	2		buːc	17	b uː c	buT
Khmu-Yuan	kjg	alcohol/liquor	2		pùːc	17	p uː c	puT
Mal-T'in	mlf	alcohol/liquor	2		puc	17	p u c	puT
Bugan	bbh	alcohol/liquor	2		ʦa³³	19	ʦ a	ca
Mon	mnw	alcohol/liquor	2		ʔarèak	20	ʔ a r èa k	7areak
Nyahkur	cbn	alcohol/liquor	2		cʰəra̤ːʔ	20	cʰ ə r a̤ː ʔ	Th~3ra7
Gorum	pcj	alcohol/liquor	2		ali	21	a l i	ali
Kharia	khr	alcohol/liquor	2		dakh	22	d a k h	dakh
Kharia	khr	alcohol/liquor	2		daru	23	d a r u	daru
Santali	sat	alcohol/liquor	2		hãɖi	24	h ã ɖ i	hadi
Sora	srb	alcohol/liquor	2		ʌli	21	ʌ l i	oli
Car	caq	alcohol/liquor	2		ʔajɛ̃ː	25	ʔ a j ɛ̃ː	7ayE
Lawa(Ratanakul)	lcp	alcohol/liquor	2		plaj	28	p l a j	play
ManMet	mml	alcohol/liquor	2		tɔn³¹	32	t ɔ n	ton
Palaung-Dara'ang	pce	alcohol/liquor	2		pawh	29	p a w h	pawh
Palaung-Kalaw	pce	alcohol/liquor	2		paoh	29	p ao h	paoh
Palaung-Namhsan	pce	alcohol/liquor	2		bah	29	b a h	bah
Riang-Sak	ril	alcohol/liquor	2		kᵊɗɑw¹	27	kᵊ ɗ ɑ w	kTaw
Wa-Praok	prk	alcohol/liquor	2		plai	28	p l ai	plai
Karii	pkt	alcohol/liquor	2		kɨ̀nʔ	30	k ɨ̀ n ʔ	k3n7
Ruc	scb	alcohol/liquor	2		pədoː¹	27	p ə d oː	p3do
Vietnamese	vie	alcohol/liquor	2		rượu	31	r u o u	ru
Alak	alk	alive/live	3		pʻroːs	51	pʻ r oː s	pros
Bahnar-Golar	bdq	alive/live	3		hədrih	42	h ə d r i h	h3drih
Bahnar-Kontum	bdq	alive/live	3		ʔadrih	42	ʔ a d r i h	7adrih
Bahnar-Pleiku	bdq	alive/live	3		ʔadrih	42	ʔ a d r i h	7adrih
Brao	brb	alive/live	3		ɲiw	51	ɲ i w	5iw
Cua	cua	alive/live	3		rilh	42	r i l h	rilh
Halang	hal	alive/live	3		pe̤ːn	52	p e̤ː n	pen
Jeh	jeh	alive/live	3		pe̤ːn	52	p e̤ː n	pen
Jru-Laven	lbo	alive/live	3		dɛj	53	d ɛ j	dEy
Mnong-Rölöm	mng	alive/live	3		breh	42	b r e h	breh
Nyaheun	nev	alive/live	3		ɲiw	51	ɲ i w	5iw
Rengao	ren	alive/live	3		həri̤h	42	h ə r i̤ h	h3rih
Sedang	sed	alive/live	3		rɛh	42	r ɛ h	rEh
Sre	kpm	alive/live	3		ris	42	r i s	ris
Stieng	sti	alive/live	3		reh	42	r e h	reh
Bru-Talan	oog	alive/live	3		moŋʔ	54	m o ŋ ʔ	moN7
Bru-Ubon	bru	alive/live	3		nɔ̤ŋʔaːmɔ̤ŋ	54	nɔ̤ŋ ʔaːmɔ̤ŋ	noN7amoN
In	irr	alive/live	3		naŋmoŋˀ	54	naŋ moŋˀ	naNmoN
Katu-AnDiem	ktv	alive/live	3		mamoŋ	54	m a m o ŋ	mamoN
Kui(Sriwises1978)	kdt	alive/live	3		təmoŋ	54	t ə m o ŋ	t3moN
Kui(Huffman1979)	kdt	alive/live	3		təmɑŋ	54	t ə m ɑ ŋ	t3maN
Nge'	ngt	alive/live	3		moŋ	54	m o ŋ	moN
Pacoh	pac	alive/live	3		tumo̰ŋ	54	t u m o̰ ŋ	tumoN
So-Khammouane	sss	alive/live	3		ʔəːtpanʔəːt	55	ʔəːt pan ʔəːt	73tpan73t
So-SakonNakhon	sss	alive/live	3		ʔəːt	55	ʔ əː t	73t
Souei-Saravan	kdt	alive/live	3		nɔŋ	56	n ɔ ŋ	noN
TaOi	tto	alive/live	3		moŋˀ	54	m o ŋˀ	moN
Khasi	khi	alive/live	3		ʔim	37	ʔ i m	7im
Pnar	pbv	alive/live	3		ʔim	37	ʔ i m	7im
War-Lamin	aml	alive/live	3		pʔem	37	p ʔ e m	p7em
Khmer-Surin	kxm	alive/live	3		ruah	42	r ua h	ruah
Khmer-Standard	khm	alive/live	3		rʊəh	42	r ʊə h	ru3h
Idu	tyh	alive/live	3		rîəh	42	r îə h	ri3h
Khmu-Cuang	kjg	alive/live	3		blɨər	38	b l ɨə r	bl33r
Khmu-Yuan	kjg	alive/live	3		prɨal	38	p r ɨa l	pr3al
Mal-T'in	mlf	alive/live	3		jih	42	j i h	yih
Bugan	bbh	alive/live	3		kai³³	39	k ai	kai
Mang	zng	alive/live	3		miːn¹	40	m iː n	min
Nyahkur	cbn	alive/live	3		kʰəɲùŋ	41	kʰ ə ɲ u ŋ	kh~35uN
Mon	mnw	alive/live	3		càŋ	43	c à ŋ	TaN
Gorum	pcj	alive/live	3		mḛŋ	44	m ḛ ŋ	mN
Kharia	khr	alive/live	3		bɔˈrɔl	46	b ɔ ˈr ɔ l	borol
Kharia	khr	alive/live	3		ɟan	47	ɟ a n	Can
Kharia	khr	alive/live	3		kaca	45	k a c a	kaTa
Santali	sat	alive/live	3		waɲcaw	48	w a ɲ c a w	wa5Taw
Sora	srb	alive/live	3		mʔɛŋ	44	m ʔ ɛ ŋ	m7EN
Car	caq	alive/live	3		ʔãh	42	ʔ ã h	7ah
Nancowri	ncb	alive/live	3		ʔæ̃h	42	ʔ æ̃ h	7Eh
Lawa(Ratanakul)	lcp	alive/live	3		ʔaɨt	49	ʔ aɨ t	7a3t
ManMet	mml	alive/live	3		im³⁵	37	i m	im
Palaung-Dara'ang	pce	alive/live	3		Ɂim	37	Ɂ i m	7im
Palaung-Namhsan	pce	alive/live	3		ʔim	37	ʔ i m	7im
Riang-Sak	ril	alive/live	3		ʔim¹	37	ʔ i m	7im
Wa-Praok	prk	alive/live	3		ʔim	37	ʔ i m	7im
Karii	pkt	alive/live	3		clɔ̀ŋʔ	50	c l ɔ̀ ŋ ʔ	TloN7
Ruc	scb	alive/live	3		kloːŋ³	50	k l oː ŋ	kloN
Vietnamese	vie	alive/live	3		sống	50	s o n g	sng
Alak	alk	ashes	6		pʻuːh	99	pʻ uː h	puh
Bahnar-Golar	bdq	ashes	6		tənuh	106	t ə n u h	t3nuh
Bahnar-Kontum	bdq	ashes	6		tənuh	106	t ə n u h	t3nuh
Bahnar-Pleiku	bdq	ashes	6		tənuhʔuɲ	106	tənuh ʔuɲ	t3nuh7u5
Brao	brb	ashes	6		krəʔɨh	111	k r ə ʔ ɨ h	kr373h
Jru-Laven	lbo	ashes	6		bruk	112	b r u k	bruk
Mnong-Rölöm	mng	ashes	6		doʔbuh	99	doʔ buh	do7buh
Nyaheun	nev	ashes	6		bruk	112	b r u k	bruk
Rengao	ren	ashes	6		blɔː	113	b l ɔː	blo
Sedang	sed	ashes	6		cɔj	115	c ɔ j	Toy
Sre	kpm	ashes	6		buːh	99	b uː h	buh
Stieng	sti	ashes	6		buh	99	b u h	buh
Bru-Ubon	bru	ashes	6		bɔh	99	b ɔ h	boh
In	irr	ashes	6		bɔ̰ːh	99	b ɔ̰ː h	boh
Katang	kgd	ashes	6		ʔabɔh	99	ʔ a b ɔ h	7aboh
Katu-AnDiem	ktv	ashes	6		ɓlɔː	113	ɓ l ɔː	plo
Kui(Sriwises1978)	kdt	ashes	6		pʰɑʔ	114	pʰ ɑ ʔ	ph~a7
Kui(Huffman1979)	kdt	ashes	6		pʰɑʔ	114	pʰ ɑ ʔ	ph~a7
Mankong	sss	ashes	6		bɑh	99	b ɑ h	bah
Nge'	ngt	ashes	6		bɔh	99	b ɔ h	boh
Pacoh	pac	ashes	6		ʔabɔh	99	ʔ a b ɔ h	7aboh
So-Khammouane	sss	ashes	6		bɑh	99	b ɑ h	bah
So-SakonNakhon	sss	ashes	6		bɑh	99	b ɑ h	bah
Souei-Saravan	kdt	ashes	6		ʔabɔh	99	ʔ a b ɔ h	7aboh
TaOi	tto	ashes	6		bɔːh	99	b ɔː h	boh
Khasi	khi	ashes	6		dpɛj	93	d p ɛ j	dpEy
Pnar	pbv	ashes	6		tpaːi	93	t p aːi	tpai
War-Lamin	aml	ashes	6		pusiaʔ	94	p u s ia ʔ	pusia7
Khmer-Surin	kxm	ashes	6		pʰɛh	99	pʰ ɛ h	ph~Eh
Khmer-Standard	khm	ashes	6		pʰəːh	99	pʰ əː h	ph~3h
Idu	tyh	ashes	6		bɔ̰̂ː	99	b ɔ̰̂ː	bo
Khmu-Cuang	kjg	ashes	6		bɔh	99	b ɔ h	boh
Khmu-Yuan	kjg	ashes	6		pɔ̀h	99	p ɔ̀ h	poh
Mal-T'in	mlf	ashes	6		puah	99	p ua h	puah
Mang	zng	ashes	6		paː¹ʑɨə³	95	p aː ʑ ɨə	paZ33
Mon	mnw	ashes	6		pətɑɲ	96	p ə t ɑ ɲ	p3ta5
Nyahkur	cbn	ashes	6		pətíɲ	96	p ə t í ɲ	p3ti5
Gorum	pcj	ashes	6		buɖi	97	b u ɖ i	budi
Kharia	khr	ashes	6		kʰarom	98	kʰ a r o m	kh~arom
Santali	sat	ashes	6		toroc˺	100	t o r o c˺	toroT
Sora	srb	ashes	6		komab	101	k o m a b	komab
Car	caq	ashes	6		tisum	102	t i s u m	tisum
Nancowri	ncb	ashes	6		benhoava	103	b e n h oa v a	benhoava
Lawa(Ratanakul)	lcp	ashes	6		ɲoʔ	104	ɲ o ʔ	5o7
ManMet	mml	ashes	6		pui³¹	110	p ui	pui
Palaung-Dara'ang	pce	ashes	6		brɔŋɔ	105	b r ɔ ŋ ɔ	broNo
Palaung-Kalaw	pce	ashes	6		kafaːk	107	ka faːk	kafak
Palaung-Namhsan	pce	ashes	6		kəfaŋ	107	k ə f a ŋ	k3faN
Wa-Praok	prk	ashes	6		ɲa̤ɔʔ	104	ɲ a̤ɔ ʔ	5ao7
Karii	pkt	ashes	6		bùːɲ	108	b uː ɲ	bu5
Ruc	scb	ashes	6		tapɛːh	109	t a p ɛː h	tapEh
Vietnamese	vie	ashes	6		mun	108	m u n	mun
Alak	alk	bamboo	7		ʔlɔːŋkoʔ	137	ʔlɔːŋ koʔ	7loNko7
Bahnar-Golar	bdq	bamboo	7		pəlɛː	141	p ə l ɛː	p3lE
Bahnar-Kontum	bdq	bamboo	7		pəlɛː	141	p ə l ɛː	p3lE
Bahnar-Pleiku	bdq	bamboo	7		pəlɛː	141	p ə l ɛː	p3lE
Brao	brb	bamboo	7		rcʰɨː	142	r cʰ ɨː	rTh~3
Cua	cua	bamboo	7		klaj	141	k l a j	klay
Cua	cua	bamboo	7		karəːm	142	k a r əː m	kar3m
Cua	cua	bamboo	7		trak	144	t r a k	trak
Halang	hal	bamboo	7		kraːm	142	k r aː m	kram
Jeh	jeh	bamboo	7		klaː	143	k l aː	kla
Jru-Laven	lbo	bamboo	7		ʔlɔːŋloʔ	145	ʔlɔːŋ loʔ	7loNlo7
Mnong-Rölöm	mng	bamboo	7		naːm	116	n aː m	nam
Nyaheun	nev	bamboo	7		ntɛː	117	n t ɛː	ntE
Nyaheun	nev	bamboo	7		koʔ	137	k o ʔ	ko7
Rengao	ren	bamboo	7		lɔːŋpəliː	141	lɔːŋ pəliː	loNp3li
Sedang	sed	bamboo	7		hədrɛ̰ə	118	h ə d r ɛ̰ə	h3drE3
Sre	kpm	bamboo	7		gle	141	g l e	gle
Stieng	sti	bamboo	7		kəʃɔp	119	k ə ʃ ɔ p	k3Sop
Bru-Talan	oog	bamboo	7		lɔˀɔŋkoʔ	137	lɔˀɔŋ koʔ	looNko7
Bru-Ubon	bru	bamboo	7		ʔaːluaŋsərɔŋ	121	ʔaːluaŋ sərɔŋ	7aluaNs3roN
In	irr	bamboo	7		həraŋ	121	h ə r a ŋ	h3raN
Katang	kgd	bamboo	7		hərɔŋ	121	h ə r ɔ ŋ	h3roN
Katu-AnDiem	ktv	bamboo	7		krəːm	142	k r əː m	kr3m
Katu-AnDiem	ktv	bamboo	7		sarɑŋ	121	s a r ɑ ŋ	saraN
Kui(Sriwises1978)	kdt	bamboo	7		ʔalùaŋsoŋ	122	ʔalùaŋ soŋ	7aluaNsoN
Kui(Huffman1979)	kdt	bamboo	7		ʔaloaŋkɑʔ	137	ʔ a l oa ŋ k ɑ ʔ	7aloaNka7
Mankong	sss	bamboo	7		srɑŋ	121	s r ɑ ŋ	sraN
Nge'	ngt	bamboo	7		saraŋ	121	s a r a ŋ	saraN
Pacoh	pac	bamboo	7		ʔəlɔːŋsrɔŋ	121	ʔəlɔːŋ srɔŋ	73loNsroN
Souei-Saravan	kdt	bamboo	7		srɔŋ	121	s r ɔ ŋ	sroN
TaOi	tto	bamboo	7		sraŋ	121	s r a ŋ	sraN
Khasi	khi	bamboo	7		siec	123	s ie c	sieT
Pnar	pbv	bamboo	7		seit	123	s ei t	seit
War-Lamin	aml	bamboo	7		tʰneŋ	124	tʰ n e ŋ	th~neN
Khmer-Surin	kxm	bamboo	7		rsɛj	142	r s ɛ j	rsEy
Khmer-Standard	khm	bamboo	7		rəsɤj	142	r ə s ɤ j	r3soy
Idu	tyh	bamboo	7		naʔôːŋpʰǎj	125	naʔôːŋ pʰǎj	na7oNph~ay
Khmu-Cuang	kjg	bamboo	7		tuːt	126	t uː t	tut
Khmu-Yuan	kjg	bamboo	7		rháːŋ	127	r h áː ŋ	rhaN
Mal-T'in	mlf	bamboo	7		lamsaːŋ	127	lam saːŋ	lamsaN
Bugan	bbh	bamboo	7		mou³¹	128	m ou	mou
Mang	zng	bamboo	7		laŋ²mɛŋ³	129	laŋ² mɛŋ³	laNmEN
Mon	mnw	bamboo	7		tùn	130	t u n	tun
Nyahkur	cbn	bamboo	7		tʰùːɲ	130	tʰ uː ɲ	th~u5
Gorum	pcj	bamboo	7		uruŋ	131	u r u ŋ	uruN
Kharia	khr	bamboo	7		kɔˈlɛˀɖ	132	k ɔ ˈl ɛˀ ɖ	kolEd
Kharia	khr	bamboo	7		konɖeŋ	133	k o n ɖ e ŋ	kondeN
Santali	sat	bamboo	7		mat˺	134	m a t˺	mat
Sora	srb	bamboo	7		urɨŋ	131	u r ɨ ŋ	ur3N
Car	caq	bamboo	7		hao	135	h ao	hao
Nancowri	ncb	bamboo	7		hedwa	136	h e d w a	hedwa
Nancowri	ncb	bamboo	7		ŋoa	138	ŋ oa	Noa
Lawa(Ratanakul)	lcp	bamboo	7		ʔɔʔ	120	ʔ ɔ ʔ	7o7
ManMet	mml	bamboo	7		hɤŋ⁵⁵	121	h ɤ ŋ	hoN
Palaung-Dara'ang	pce	bamboo	7		r̥aŋ	121	r̥ a ŋ	raN
Palaung-Kalaw	pce	bamboo	7		həihnuːŋ	121	həi hnuːŋ	h3ihnuN
Palaung-Namhsan	pce	bamboo	7		hrɯŋ	121	h r ɯ ŋ	hruN
Riang-Sak	ril	bamboo	7		rɤŋ¹	121	r ɤ ŋ	roN
Karii	pkt	bamboo	7		baŋ	139	b a ŋ	baN
Ruc	scb	bamboo	7		pʰɛːw	140	pʰ ɛː w	ph~Ew
Vietnamese	vie	bamboo	7		pheo	140	p h eo	pheo
Vietnamese	vie	bamboo	7		tre	141	t r e	tre
Alak	alk	banana	8		priːt	151	p r iː t	prit
Bahnar-Golar	bdq	banana	8		priːt	151	p r iː t	prit
Bahnar-Kontum	bdq	banana	8		priːt	151	p r iː t	prit
Bahnar-Pleiku	bdq	banana	8		priːt	151	p r iː t	prit
Brao	brb	banana	8		prɨːt	151	p r ɨː t	pr3t
Cua	cua	banana	8		pareːt	151	p a r eː t	paret
Halang	hal	banana	8		pri̤ət	151	p r i̤ə t	pri3t
Jeh	jeh	banana	8		pri̤at	151	p r i̤a t	priat
Jru-Laven	lbo	banana	8		prɨət	151	p r ɨə t	pr33t
Mnong-Rölöm	mng	banana	8		priːt	151	p r iː t	prit
Nyaheun	nev	banana	8		prɨət	151	p r ɨə t	pr33t
Rengao	ren	banana	8		pret	151	p r e t	pret
Sedang	sed	banana	8		priət	151	p r iə t	pri3t
Sre	kpm	banana	8		priːt	151	p r iː t	prit
Stieng	sti	banana	8		priːt	151	p r iː t	prit
Bru-Talan	oog	banana	8		prinʔ	151	p r i n ʔ	prin7
Bru-Ubon	bru	banana	8		priat	151	p r ia t	priat
In	irr	banana	8		prinˀ	151	p r i nˀ	prin
Katang	kgd	banana	8		priːət	151	p r iːə t	pri3t
Katu-AnDiem	ktv	banana	8		pri̤at	151	p r i̤a t	priat
Kui(Sriwises1978)	kdt	banana	8		priːt	151	p r iː t	prit
Kui(Huffman1979)	kdt	banana	8		pliət	151	p l iə t	pli3t
Mankong	sss	banana	8		pri̤at	151	p r i̤a t	priat
Nge'	ngt	banana	8		priːt	151	p r iː t	prit
Pacoh	pac	banana	8		priat	151	p r ia t	priat
So-Khammouane	sss	banana	8		priət	151	p r iə t	pri3t
So-SakonNakhon	sss	banana	8		priːət	151	p r iːə t	pri3t
Souei-Saravan	kdt	banana	8		priat	151	p r ia t	priat
TaOi	tto	banana	8		prinˀ	151	p r i nˀ	prin
Khasi	khi	banana	8		kac	152	k a c	kaT
Pnar	pbv	banana	8		ladaw	153	l a d a w	ladaw
War-Lamin	aml	banana	8		lədia	153	l ə d ia	l3dia
Khmer-Surin	kxm	banana	8		ʨeːɁ	154	ʨ eː Ɂ	Ce7
Khmer-Standard	khm	banana	8		ceiɁ	154	c ei Ɂ	Tei7
Idu	tyh	banana	8		pʰráɛʔ	151	pʰ r áɛ ʔ	ph~raE7
Khmu-Cuang	kjg	banana	8		tlɔːj	149	t l ɔː j	tloy
Khmu-Yuan	kjg	banana	8		tlɔ́ːj	149	t l ɔ́ː j	tloy
Bugan	bbh	banana	8		pʦe̱³³ʦo̱³³	155	pʦe̱³³ ʦo̱³³	pceco
Mang	zng	banana	8		paː²ɲɔː¹	156	paː² ɲɔː¹	pa5o
Mon	mnw	banana	8		pràt	151	p r à t	prat
Nyahkur	cbn	banana	8		pʰra̤ːt	151	pʰ r a̤ː t	ph~rat
Gorum	pcj	banana	8		uraʔ	157	u r a ʔ	ura7
Kharia	khr	banana	8		kera	157	k e r a	kera
Santali	sat	banana	8		kajra	157	k a j r a	kayra
Sora	srb	banana	8		sɔŋ	146	s ɔ ŋ	soN
Nancowri	ncb	banana	8		təluːi	149	t ə l uːi	t3lui
Lawa(Ratanakul)	lcp	banana	8		ləmɔɛh	147	l ə m ɔɛ h	l3moEh
ManMet	mml	banana	8		atɔʔ⁵³hɔm³⁵	148	a tɔʔ⁵³ hɔm³⁵	ato7hom
Palaung-Dara'ang	pce	banana	8		glɔj	149	g l ɔ j	gloy
Palaung-Kalaw	pce	banana	8		gloe	149	g l oe	gloe
Palaung-Namhsan	pce	banana	8		kluəj	149	k l uə j	klu3y
Riang-Sak	ril	banana	8		kᵊɗoʔ¹	148	kᵊ ɗ o ʔ	kTo7
Wa-Praok	prk	banana	8		mṳah	147	m ṳ a h	mah
Karii	pkt	banana	8		klɔːj	149	k l ɔː j	kloy
Ruc	scb	banana	8		kătaj¹	150	k ă t a j	ktay
Vietnamese	vie	banana	8		chuối	149	c h u o i	Thui
Alak	alk	bear	10		cakaw	189	c a k a w	Takaw
Bahnar-Golar	bdq	bear	10		ɟəkøu	189	ɟ ə k øu	C3keu
Bahnar-Kontum	bdq	bear	10		həgøu	189	h ə g øu	h3geu
Bahnar-Pleiku	bdq	bear	10		cəgəw	189	c ə g ə w	T3g3w
Cua	cua	bear	10		sagəw	189	s a g ə w	sag3w
Jeh	jeh	bear	10		kəta̤m	190	k ə t a̤ m	k3tam
Jru-Laven	lbo	bear	10		hkaw	189	h k a w	hkaw
Mnong-Rölöm	mng	bear	10		kɔːkʰaːŋ	189	kɔː kʰaːŋ	kokh~aN
Nyaheun	nev	bear	10		naːklaːŋ	191	naː klaːŋ	naklaN
Rengao	ren	bear	10		həkəw	189	h ə k ə w	h3k3w
Sedang	sed	bear	10		rəko̰w	189	r ə k o̰ w	r3kow
Sre	kpm	bear	10		ɟirkaw	189	ɟ i r k a w	Cirkaw
Stieng	sti	bear	10		kau	189	k au	kau
Bru-Talan	oog	bear	10		haŋkaːw	189	h a ŋ k aː w	haNkaw
Bru-Ubon	bru	bear	10		səkaw	189	s ə k a w	s3kaw
In	irr	bear	10		həŋkaːw	189	h ə ŋ k aː w	h3Nkaw
Katang	kgd	bear	10		həŋkɨaw	189	h ə ŋ k ɨa w	h3Nk3aw
Katu-AnDiem	ktv	bear	10		ɟarɨəm	192	ɟ a r ɨə m	Car33m
Kui(Huffman1979)	kdt	bear	10		ka̤w	189	k a̤ w	kaw
Mankong	sss	bear	10		səkaw	189	s ə k a w	s3kaw
Nge'	ngt	bear	10		haŋkʌw	189	h a ŋ k ʌ w	haNkow
Pacoh	pac	bear	10		ʔapɤːŋ	177	ʔ a p ɤː ŋ	7apoN
So-Khammouane	sss	bear	10		cikaw	189	c i k a w	Tikaw
So-SakonNakhon	sss	bear	10		miː	178	m iː	mi
Souei-Saravan	kdt	bear	10		səkaːw	189	s ə k aː w	s3kaw
TaOi	tto	bear	10		həŋkaːw	189	h ə ŋ k aː w	h3Nkaw
Khasi	khi	bear	10		dŋiem	179	d ŋ ie m	dNiem
Pnar	pbv	bear	10		dŋɛm	179	d ŋ ɛ m	dNEm
War-Lamin	aml	bear	10		ləŋɛm	179	l ə ŋ ɛ m	l3NEm
Khmer-Standard	khm	bear	10		kʰmùm	180	kʰ m u m	kh~mum
Idu	tyh	bear	10		bî̤ː	181	b î̤ː	bi
Khmu-Cuang	kjg	bear	10		huəl	182	h uə l	hu3l
Khmu-Yuan	kjg	bear	10		húal	182	h úa l	hual
Mal-T'in	mlf	bear	10		piak	181	p ia k	piak
Bugan	bbh	bear	10		pi̱u̱³¹	182	p i̱u̱	piu
Mang	zng	bear	10		cɨə¹	183	c ɨə	T33
Mon	mnw	bear	10		mɛm	184	m ɛ m	mEm
Gorum	pcj	bear	10		kibuˀd	185	k i b uˀ d	kibud
Kharia	khr	bear	10		bɔˈnɔi	186	b ɔ ˈn ɔi	bonoi
Kharia	khr	bear	10		banaj	186	b a n a j	banay
Santali	sat	bear	10		bana	186	b a n a	bana
Sora	srb	bear	10		kʌmbud	185	k ʌ m b u d	kombud
Lawa(Ratanakul)	lcp	bear	10		kjəih	187	k j əi h	ky3ih
ManMet	mml	bear	10		afeh³³	187	a feh³³	afeh
Palaung-Dara'ang	pce	bear	10		magrəjh	187	ma grəjh	magr3yh
Palaung-Kalaw	pce	bear	10		leʔprɛː	188	leʔ prɛː	le7prE
Palaung-Namhsan	pce	bear	10		krer	187	k r e r	krer
Riang-Sak	ril	bear	10		krɛs¹	187	k r ɛ s	krEs
Wa-Praok	prk	bear	10		krih	187	k r i h	krih
Karii	pkt	bear	10		cakùːʔ	189	c a k uː ʔ	Taku7
Ruc	scb	bear	10		cakṵ̀ː	189	c a k ṵ̀ː	Tak
Vietnamese	vie	bear	10		gấu	189	g a u	gu
Alak	alk	bee/honeybee	11		suːt	206	s uː t	sut
Bahnar-Golar	bdq	bee/honeybee	11		suːt	206	s uː t	sut
Bahnar-Kontum	bdq	bee/honeybee	11		suːt	206	s uː t	sut
Bahnar-Pleiku	bdq	bee/honeybee	11		suːt	206	s uː t	sut
Brao	brb	bee/honeybee	11		cʰut	206	cʰ u t	Th~ut
Cua	cua	bee/honeybee	11		hluːt	206	h l uː t	hlut
Halang	hal	bee/honeybee	11		sut	206	s u t	sut
Jeh	jeh	bee/honeybee	11		kədrɔːt	201	k ə d r ɔː t	k3drot
Jru-Laven	lbo	bee/honeybee	11		suːt	206	s uː t	sut
Mnong-Rölöm	mng	bee/honeybee	11		ʔuoŋ	210	ʔ uo ŋ	7uoN
Nyaheun	nev	bee/honeybee	11		sut	206	s u t	sut
Rengao	ren	bee/honeybee	11		ʦṳːt	206	ʦ ṳː t	ct
Sedang	sed	bee/honeybee	11		sɔt	206	s ɔ t	sot
Sre	kpm	bee/honeybee	11		sut	206	s u t	sut
Stieng	sti	bee/honeybee	11		sot	206	s o t	sot
Bru-Talan	oog	bee/honeybee	11		kihial	211	k i h ia l	kihial
Bru-Talan	oog	bee/honeybee	11		krɔːnʔ	212	k r ɔː n ʔ	kron7
Bru-Ubon	bru	bee/honeybee	11		kəheal	211	k ə h ea l	k3heal
In	irr	bee/honeybee	11		kəhial	211	k ə h ia l	k3hial
Katang	kgd	bee/honeybee	11		kəhiːal	211	k ə h iːa l	k3hial
Katu-AnDiem	ktv	bee/honeybee	11		karɑːt	212	k a r ɑː t	karat
Kui(Sriwises1978)	kdt	bee/honeybee	11		ŋɔ̀ːr	213	ŋ ɔ̀ː r	Nor
Kui(Huffman1979)	kdt	bee/honeybee	11		kʰiəl	211	kʰ iə l	kh~i3l
Mankong	sss	bee/honeybee	11		kʰial	211	kʰ ia l	kh~ial
Nge'	ngt	bee/honeybee	11		kanɲiːl	211	k a n ɲ iː l	kan5il
Pacoh	pac	bee/honeybee	11		kijial	211	k i j ia l	kiyial
So-Khammouane	sss	bee/honeybee	11		kʰiəl	211	kʰ iə l	kh~i3l
So-SakonNakhon	sss	bee/honeybee	11		kʰiər	211	kʰ iə r	kh~i3r
Souei-Saravan	kdt	bee/honeybee	11		kəhial	211	k ə h ia l	k3hial
TaOi	tto	bee/honeybee	11		kəhial	211	k ə h ia l	k3hial
Khasi	khi	bee/honeybee	11		ŋap	193	ŋ a p	Nap
Pnar	pbv	bee/honeybee	11		ŋap	193	ŋ a p	Nap
War-Lamin	aml	bee/honeybee	11		ŋap	193	ŋ a p	Nap
Khmer-Surin	kxm	bee/honeybee	11		kʰmum	194	kʰ m u m	kh~mum
Khmer-Standard	khm	bee/honeybee	11		kmum	194	k m u m	kmum
Idu	tyh	bee/honeybee	11		jɔ̤̂ːr	195	j ɔ̤̂ː r	yor
Khmu-Cuang	kjg	bee/honeybee	11		rmkuːm	194	r m k uː m	rmkum
Khmu-Yuan	kjg	bee/honeybee	11		húːt	206	h úː t	hut
Khmu-Yuan	kjg	bee/honeybee	11		hpɔ́ːt	197	h p ɔ́ː t	hpot
Mal-T'in	mlf	bee/honeybee	11		poːt	197	p oː t	pot
Bugan	bbh	bee/honeybee	11		pəna̱i̱³⁵	198	p ə n a̱i̱	p3nai
Mang	zng	bee/honeybee	11		lɤm¹ˈ⁴	199	l ɤ m	lom
Mon	mnw	bee/honeybee	11		sai	200	s ai	sai
Nyahkur	cbn	bee/honeybee	11		cʰáːj	200	cʰ áː j	Th~ay
Gorum	pcj	bee/honeybee	11		unroˀdaroj	202	unroˀd aroj	unrodaroy
Kharia	khr	bee/honeybee	11		terom	203	t e r o m	terom
Santali	sat	bee/honeybee	11		tɛrɔm	203	t ɛ r ɔ m	tErom
Sora	srb	bee/honeybee	11		ˈteːrəmbud	203	ˈt eː r ə m b u d	ter3mbud
Sora	srb	bee/honeybee	11		unrɔɖ	202	u n r ɔ ɖ	unrod
Car	caq	bee/honeybee	11		seːtmak	204	seːt mak	setmak
Nancowri	ncb	bee/honeybee	11		tɯ̃a	205	t ɯ̃a	tua
Lawa(Ratanakul)	lcp	bee/honeybee	11		hɛ	207	h ɛ	hE
ManMet	mml	bee/honeybee	11		siau³¹	207	s iau	siau
Palaung-Dara'ang	pce	bee/honeybee	11		maphian	196	ma phian	maphian
Palaung-Kalaw	pce	bee/honeybee	11		mapʰeaŋ	196	ma pʰeaŋ	maph~eaN
Palaung-Namhsan	pce	bee/honeybee	11		piər	207	p iə r	pi3r
Riang-Sak	ril	bee/honeybee	11		pʰiar¹	207	pʰ ia r	ph~iar
Wa-Praok	prk	bee/honeybee	11		hia	207	h ia	hia
Karii	pkt	bee/honeybee	11		patɔː	208	p a t ɔː	pato
Ruc	scb	bee/honeybee	11		kwí	209	k w í	kwi
Vietnamese	vie	bee/honeybee	11		ong	210	o n g	ong
Alak	alk	belly/stomach	12		klaːk	235	k l aː k	klak
Bahnar-Golar	bdq	belly/stomach	12		klaːk	235	k l aː k	klak
Bahnar-Kontum	bdq	belly/stomach	12		klaːk	235	k l aː k	klak
Bahnar-Pleiku	bdq	belly/stomach	12		klaːk	235	k l aː k	klak
Brao	brb	belly/stomach	12		pədiw	236	p ə d i w	p3diw
Cua	cua	belly/stomach	12		bʌŋ	237	b ʌ ŋ	boN
Halang	hal	belly/stomach	12		bətuk	215	b ə t u k	b3tuk
Jeh	jeh	belly/stomach	12		pədo̤k	215	p ə d o̤ k	p3dok
Jeh	jeh	belly/stomach	12		klaːk	235	k l aː k	klak
Jru-Laven	lbo	belly/stomach	12		klaːk	235	k l aː k	klak
Mnong-Rölöm	mng	belly/stomach	12		kʰuŋ	217	kʰ u ŋ	kh~uN
Mnong-Rölöm	mng	belly/stomach	12		ndɨːl	236	n d ɨː l	nd3l
Nyaheun	nev	belly/stomach	12		klaːk	235	k l aː k	klak
Rengao	ren	belly/stomach	12		pədṳk	215	p ə d ṳ k	p3dk
Sedang	sed	belly/stomach	12		kleə	235	k l eə	kle3
Sre	kpm	belly/stomach	12		kəndul	236	k ə n d u l	k3ndul
Stieng	sti	belly/stomach	12		kəndɨl	236	k ə n d ɨ l	k3nd3l
Bru-Talan	oog	belly/stomach	12		pəːm	219	p əː m	p3m
Bru-Talan	oog	belly/stomach	12		krəpuŋʔoˀoʔ	220	krəpuŋ ʔoˀoʔ	kr3puN7oo7
Bru-Ubon	bru	belly/stomach	12		pṳŋ	218	p ṳ ŋ	pN
In	irr	belly/stomach	12		pʰuŋ	218	pʰ u ŋ	ph~uN
Katang	kgd	belly/stomach	12		puŋ	218	p u ŋ	puN
Katang	kgd	belly/stomach	12		ʔoːʔ	220	ʔ oː ʔ	7o7
Katu-AnDiem	ktv	belly/stomach	12		paluŋ	221	p a l u ŋ	paluN
Kui(Sriwises1978)	kdt	belly/stomach	12		pʰùŋ	218	pʰ u ŋ	ph~uN
Kui(Huffman1979)	kdt	belly/stomach	12		pṳŋ	218	p ṳ ŋ	pN
Mankong	sss	belly/stomach	12		pṳŋ	218	p ṳ ŋ	pN
Nge'	ngt	belly/stomach	12		roːc	222	r oː c	roT
Pacoh	pac	belly/stomach	12		pallúng	221	p a ll ú n g	pallung
So-Khammouane	sss	belly/stomach	12		pṳŋ	218	p ṳ ŋ	pN
So-SakonNakhon	sss	belly/stomach	12		mpuŋ	218	m p u ŋ	mpuN
So-SakonNakhon	sss	belly/stomach	12		ntea̤	223	n t ea̤	ntea
Souei-Saravan	kdt	belly/stomach	12		pʽuŋkənuŋ	218	pʽuŋ kənuŋ	puNk3nuN
TaOi	tto	belly/stomach	12		mpuŋʔoːʔ	218	mpuŋ ʔoːʔ	mpuN7o7
Khasi	khi	belly/stomach	12		kpɔʔ	224	k p ɔ ʔ	kpo7
Pnar	pbv	belly/stomach	12		kpɔʔ	224	k p ɔ ʔ	kpo7
War-Lamin	aml	belly/stomach	12		pɔʔ	224	p ɔ ʔ	po7
Khmer-Surin	kxm	belly/stomach	12		puah	225	p ua h	puah
Khmer-Standard	khm	belly/stomach	12		puŋ	218	p u ŋ	puN
Idu	tyh	belly/stomach	12		pûm	226	p u m	pm
Khmu-Cuang	kjg	belly/stomach	12		luːj	227	l uː j	luy
Khmu-Yuan	kjg	belly/stomach	12		ktúh	228	k t ú h	ktuh
Mal-T'in	mlf	belly/stomach	12		mpʰul	229	m pʰ u l	mph~ul
Mang	zng	belly/stomach	12		ɗøː⁶	236	ɗ øː	Te
Mon	mnw	belly/stomach	12		pɜ̀ŋ	218	p ɜ̀ ŋ	p3N
Nyahkur	cbn	belly/stomach	12		pʰùŋ	218	pʰ u ŋ	ph~uN
Kharia	khr	belly/stomach	12		laiʔɟ	230	l ai ʔ ɟ	lai7C
Santali	sat	belly/stomach	12		lac˺	230	l a c˺	laT
Sora	srb	belly/stomach	12		puŋ	218	p u ŋ	puN
Sora	srb	belly/stomach	12		kəmpúŋ	218	k ə m p ú ŋ	k3mpuN
Car	caq	belly/stomach	12		ʔac	214	ʔ a c	7aT
Nancowri	ncb	belly/stomach	12		wíaŋ	231	w ía ŋ	wiaN
Lawa(Ratanakul)	lcp	belly/stomach	12		viək	232	v iə k	vi3k
ManMet	mml	belly/stomach	12		tɤn¹³	216	t ɤ n	ton
Palaung-Dara'ang	pce	belly/stomach	12		văc	233	v ă c	vT
Palaung-Kalaw	pce	belly/stomach	12		vat	233	v a t	vat
Palaung-Namhsan	pce	belly/stomach	12		wɛʔ	233	w ɛ ʔ	wE7
Riang-Sak	ril	belly/stomach	12		kiŋ¹kɤm¹	234	kiŋ¹ kɤm¹	kiNkom
Wa-Praok	prk	belly/stomach	12		tṳ	236	t ṳ	t
Karii	pkt	belly/stomach	12		kudɨ̀l	236	k u d ɨ̀ l	kud3l
Ruc	scb	belly/stomach	12		kudəl¹	236	k u d ə l	kud3l
Vietnamese	vie	belly/stomach	12		bụng	218	b u n g	bng
Alak	alk	bird	13		cɛːm	241	c ɛː m	TEm
Bahnar-Golar	bdq	bird	13		sɛːm	241	s ɛː m	sEm
Bahnar-Kontum	bdq	bird	13		sɛːm	241	s ɛː m	sEm
Bahnar-Pleiku	bdq	bird	13		sɛːm	241	s ɛː m	sEm
Bahnar-Pleiku	bdq	bird	13		sɛːmpar	241	sɛːm par	sEmpar
Brao	brb	bird	13		ceːm	241	c eː m	Tem
Cua	cua	bird	13		seːp	241	s eː p	sep
Halang	hal	bird	13		cim	241	c i m	Tim
Jeh	jeh	bird	13		cim	241	c i m	Tim
Jru-Laven	lbo	bird	13		ceːm	241	c eː m	Tem
Mnong-Rölöm	mng	bird	13		sɨm	241	s ɨ m	s3m
Nyaheun	nev	bird	13		ceːm	241	c eː m	Tem
Rengao	ren	bird	13		ci̤m	241	c i̤ m	Tim
Sedang	sed	bird	13		cem	241	c e m	Tem
Sre	kpm	bird	13		seːm	241	s eː m	sem
Stieng	sti	bird	13		com	241	c o m	Tom
Bru-Talan	oog	bird	13		kaˀjleːmʔ	244	kaˀj leːmʔ	kaylem7
Bru-Ubon	bru	bird	13		cɤm	241	c ɤ m	Tom
In	irr	bird	13		ka̰jleːmˀ	244	ka̰j leːmˀ	kaylem
Katang	kgd	bird	13		ceːm	241	c eː m	Tem
Katu-AnDiem	ktv	bird	13		ʔacim	241	ʔ a c i m	7aTim
Kui(Sriwises1978)	kdt	bird	13		cɛːm	241	c ɛː m	TEm
Kui(Huffman1979)	kdt	bird	13		cɛːm	241	c ɛː m	TEm
Mankong	sss	bird	13		cəm	241	c ə m	T3m
Nge'	ngt	bird	13		ciːm	241	c iː m	Tim
Pacoh	pac	bird	13		ʔacḭʔ	245	ʔ a c ḭ ʔ	7aT7
So-Khammouane	sss	bird	13		cum	241	c u m	Tum
So-SakonNakhon	sss	bird	13		cɨm	241	c ɨ m	T3m
Souei-Saravan	kdt	bird	13		ceːm	241	c eː m	Tem
TaOi	tto	bird	13		leːmˀbɛc	244	leːmˀ bɛc	lembET
Khasi	khi	bird	13		sim	241	s i m	sim
Pnar	pbv	bird	13		sim	241	s i m	sim
War-Lamin	aml	bird	13		ksem	241	k s e m	ksem
Idu	tyh	bird	13		cîəm	241	c îə m	Ti3m
Khmu-Cuang	kjg	bird	13		siːm	241	s iː m	sim
Khmu-Yuan	kjg	bird	13		síːm	241	s íː m	sim
Mal-T'in	mlf	bird	13		seːm	241	s eː m	sem
Bugan	bbh	bird	13		sau³³	241	s au	sau
Mang	zng	bird	13		θɤm⁶	241	θ ɤ m	8om
Mon	mnw	bird	13		hacem	241	h a c e m	haTem
Nyahkur	cbn	bird	13		ɲcíǝm	241	ɲ c íǝ m	5Ti3m
Gorum	pcj	bird	13		poɖiˀd	246	p o ɖ iˀ d	podid
Kharia	khr	bird	13		kɔnˈtʰɛˀɖ	238	k ɔ n ˈtʰ ɛˀ ɖ	konth~Ed
Santali	sat	bird	13		cẽɳẽ	239	c ẽ ɳ ẽ	Tene
Sora	srb	bird	13		tid	238	t i d	tid
Car	caq	bird	13		cɛhɛcoːn	240	c ɛ h ɛ c oː n	TEhETon
Nancowri	ncb	bird	13		ʃicua	242	ʃ i c ua	SiTua
Lawa(Ratanakul)	lcp	bird	13		saim	241	s ai m	saim
ManMet	mml	bird	13		aɕim¹³	241	a ɕim¹³	aSim
Palaung-Dara'ang	pce	bird	13		masim	241	m a s i m	masim
Palaung-Kalaw	pce	bird	13		masiːŋ	241	ma siːŋ	masiN
Palaung-Namhsan	pce	bird	13		sim	241	s i m	sim
Riang-Sak	ril	bird	13		sim¹	241	s i m	sim
Wa-Praok	prk	bird	13		sim	241	s i m	sim
Karii	pkt	bird	13		ʔoːʔ	243	ʔ oː ʔ	7o7
Ruc	scb	bird	13		ciːm¹	241	c iː m	Tim
Vietnamese	vie	bird	13		chim	241	c h i m	Thim
Alak	alk	bone	19		katiːŋ	321	k a t iː ŋ	katiN
Bahnar-Golar	bdq	bone	19		kətiːŋ	321	k ə t iː ŋ	k3tiN
Bahnar-Kontum	bdq	bone	19		kətiːŋ	321	k ə t iː ŋ	k3tiN
Bahnar-Pleiku	bdq	bone	19		kətiːŋ	321	k ə t iː ŋ	k3tiN
Brao	brb	bone	19		kədɨːŋ	321	k ə d ɨː ŋ	k3d3N
Cua	cua	bone	19		kʰliək	321	kʰ l iə k	kh~li3k
Halang	hal	bone	19		kəsìaŋ	321	k ə s ì a ŋ	k3siaN
Jeh	jeh	bone	19		kəsiaŋ	321	k ə s ia ŋ	k3siaN
Jru-Laven	lbo	bone	19		kətɨəŋ	321	k ə t ɨə ŋ	k3t33N
Mnong-Rölöm	mng	bone	19		tiːŋ	321	t iː ŋ	tiN
Nyaheun	nev	bone	19		grɨəŋ	321	g r ɨə ŋ	gr33N
Rengao	ren	bone	19		kəʦe̤ːŋ	321	k ə ʦ e̤ː ŋ	k3ceN
Sedang	sed	bone	19		kəsìaŋ	321	k ə s ì a ŋ	k3siaN
Sre	kpm	bone	19		ntiŋ	321	n t i ŋ	ntiN
Stieng	sti	bone	19		tiŋ	321	t i ŋ	tiN
Bru-Talan	oog	bone	19		haˀaŋ	322	h aˀa ŋ	haaN
Bru-Ubon	bru	bone	19		ŋhaːŋ	322	ŋ h aː ŋ	NhaN
In	irr	bone	19		həŋa̰ːŋ	322	h ə ŋ a̰ː ŋ	h3NaN
Katang	kgd	bone	19		haːŋ	322	h aː ŋ	haN
Katu-AnDiem	ktv	bone	19		ŋhaːŋ	322	ŋ h aː ŋ	NhaN
Kui(Sriwises1978)	kdt	bone	19		ŋhaːŋ	322	ŋ h aː ŋ	NhaN
Kui(Huffman1979)	kdt	bone	19		ŋhaːŋ	322	ŋ h aː ŋ	NhaN
Mankong	sss	bone	19		ŋhaːŋ	322	ŋ h aː ŋ	NhaN
Nge'	ngt	bone	19		ŋhaːŋ	322	ŋ h aː ŋ	NhaN
Pacoh	pac	bone	19		ŋhaːŋ	322	ŋ h aː ŋ	NhaN
So-Khammouane	sss	bone	19		ŋkʰaːŋ	322	ŋ kʰ aː ŋ	Nkh~aN
So-SakonNakhon	sss	bone	19		ŋkʰaːŋ	322	ŋ kʰ aː ŋ	Nkh~aN
Souei-Saravan	kdt	bone	19		haːŋ	322	h aː ŋ	haN
TaOi	tto	bone	19		həŋaːŋ	322	h ə ŋ aː ŋ	h3NaN
Khasi	khi	bone	19		ʃʔeːŋ	320	ʃ ʔ eː ŋ	S7eN
Pnar	pbv	bone	19		cʔeɲ	320	c ʔ e ɲ	T7e5
War-Lamin	aml	bone	19		ʃʔɪəŋ	320	ʃ ʔ ɪə ŋ	S7i3N
Khmer-Surin	kxm	bone	19		ʨɁʌŋ	320	ʨ Ɂ ʌ ŋ	C7oN
Khmer-Standard	khm	bone	19		cʔəŋ	320	c ʔ ə ŋ	T73N
Idu	tyh	bone	19		janʔîŋ	320	j a n ʔ î ŋ	yan7iN
Khmu-Cuang	kjg	bone	19		cʔaːŋ	320	c ʔ aː ŋ	T7aN
Khmu-Yuan	kjg	bone	19		cʔáːŋ	320	c ʔ áː ŋ	T7aN
Mal-T'in	mlf	bone	19		ʔiaŋ	320	ʔ ia ŋ	7iaN
Bugan	bbh	bone	19		ʑa³⁵	320	ʑ a	Za
Mang	zng	bone	19		caːŋ⁴	320	c aː ŋ	TaN
Mon	mnw	bone	19		cùt	323	c u t	Tut
Nyahkur	cbn	bone	19		cʰəlùːt	323	cʰ ə l uː t	Th~3lut
Gorum	pcj	bone	19		za̰ŋ	320	z a̰ ŋ	zaN
Kharia	khr	bone	19		ɟɑŋ	320	ɟ ɑ ŋ	CaN
Santali	sat	bone	19		ɟaŋ	320	ɟ a ŋ	CaN
Sora	srb	bone	19		ɟʔaŋ	320	ɟ ʔ a ŋ	C7aN
Nancowri	ncb	bone	19		ʔɨːŋ	320	ʔ ɨː ŋ	73N
Lawa(Ratanakul)	lcp	bone	19		səʔaŋ	320	s ə ʔ a ŋ	s37aN
ManMet	mml	bone	19		aŋ³¹	320	a ŋ	aN
Palaung-Dara'ang	pce	bone	19		kaɁaŋ	320	k a Ɂ a ŋ	ka7aN
Palaung-Kalaw	pce	bone	19		kaʔaːk	320	k a ʔ aː k	ka7ak
Palaung-Namhsan	pce	bone	19		kaʔaŋ	320	k a ʔ a ŋ	ka7aN
Riang-Sak	ril	bone	19		jɤŋ²ʔaŋ¹	320	jɤŋ² ʔaŋ¹	yoN7aN
Wa-Praok	prk	bone	19		sʔaŋ	320	s ʔ a ŋ	s7aN
Karii	pkt	bone	19		sàːŋ	321	s àː ŋ	saN
Ruc	scb	bone	19		saːŋ²	321	s aː ŋ	saN
Vietnamese	vie	bone	19		xương	321	x u o n g	xng
Alak	alk	bow, crossbow	20		taːr	332	t aː r	tar
Alak	alk	bow, crossbow	20		ʔaːk	336	ʔ aː k	7ak
Bahnar-Golar	bdq	bow, crossbow	20		hraʔ	337	h r a ʔ	hra7
Bahnar-Kontum	bdq	bow, crossbow	20		hără	337	h ă r ă	hr
Bahnar-Pleiku	bdq	bow, crossbow	20		hraʔ	337	h r a ʔ	hra7
Brao	brb	bow, crossbow	20		bruax	338	b r ua x	bruax
Brao	brb	bow, crossbow	20		cʰraːw	339	cʰ r aː w	Th~raw
Cua	cua	bow, crossbow	20		paneŋ	340	p a n e ŋ	paneN
Halang	hal	bow, crossbow	20		mənɛŋ	340	m ə n ɛ ŋ	m3nEN
Jeh	jeh	bow, crossbow	20		mənɛŋ	340	m ə n ɛ ŋ	m3nEN
Jru-Laven	lbo	bow, crossbow	20		hnaː	341	h n aː	hna
Mnong-Rölöm	mng	bow, crossbow	20		naː	341	n aː	na
Nyaheun	nev	bow, crossbow	20		ɲ̊raː	341	ɲ̊ r aː	5ra
Rengao	ren	bow, crossbow	20		mənɛŋ	340	m ə n ɛ ŋ	m3nEN
Sedang	sed	bow, crossbow	20		mənɛ̰ŋ	340	m ə n ɛ̰ ŋ	m3nEN
Sre	kpm	bow, crossbow	20		səna	341	s ə n a	s3na
Stieng	sti	bow, crossbow	20		sənaː	341	s ə n aː	s3na
Bru-Talan	oog	bow, crossbow	20		thənuːpɛːɲ	325	thənuː pɛːɲ	th3nupE5
Bru-Ubon	bru	bow, crossbow	20		sənaː	341	s ə n aː	s3na
In	irr	bow, crossbow	20		tʰənuː	325	tʰ ə n uː	th~3nu
In	irr	bow, crossbow	20		təmiŋˀ	324	t ə m i ŋˀ	t3miN
Katang	kgd	bow, crossbow	20		hənaː	341	h ə n aː	h3na
Katu-AnDiem	ktv	bow, crossbow	20		panaɲ	340	p a n a ɲ	pana5
Kui(Sriwises1978)	kdt	bow, crossbow	20		snaː	341	s n aː	sna
Kui(Huffman1979)	kdt	bow, crossbow	20		tənṳː	325	t ə n ṳː	t3n
Kui(Huffman1979)	kdt	bow, crossbow	20		sənaː	341	s ə n aː	s3na
Mankong	sss	bow, crossbow	20		sənaː	341	s ə n aː	s3na
Nge'	ngt	bow, crossbow	20		panɛɲ	340	p a n ɛ ɲ	panE5
Pacoh	pac	bow, crossbow	20		tumiaŋ	324	t u m ia ŋ	tumiaN
So-Khammouane	sss	bow, crossbow	20		naːtʰnuː	325	naː tʰnuː	nath~nu
So-SakonNakhon	sss	bow, crossbow	20		tʰənuː	325	tʰ ə n uː	th~3nu
Souei-Saravan	kdt	bow, crossbow	20		tʰanuː	325	tʰ a n uː	th~anu
Souei-Saravan	kdt	bow, crossbow	20		sənaː	341	s ə n aː	s3na
TaOi	tto	bow, crossbow	20		təmiŋˀ	324	t ə m i ŋˀ	t3miN
Khasi	khi	bow, crossbow	20		rntieʔ	326	r n t ie ʔ	rntie7
Pnar	pbv	bow, crossbow	20		rn̩teʔ	326	r n̩ t e ʔ	rnte7
War-Lamin	aml	bow, crossbow	20		prʊt	327	p r ʊ t	prut
Khmer-Surin	kxm	bow, crossbow	20		snaː	341	s n aː	sna
Khmer-Standard	khm	bow, crossbow	20		snaː	341	s n aː	sna
Idu	tyh	bow, crossbow	20		sanâ̰ː	341	s a n â̰ː	sana
Khmu-Cuang	kjg	bow, crossbow	20		mɔʔ	328	m ɔ ʔ	mo7
Khmu-Yuan	kjg	bow, crossbow	20		mɔ̀ʔ	328	m ɔ̀ ʔ	mo7
Mal-T'in	mlf	bow, crossbow	20		pʰɨːl	329	pʰ ɨː l	ph~3l
Bugan	bbh	bow, crossbow	20		nau³³	325	n au	nau
Mang	zng	bow, crossbow	20		piːŋ²	330	p iː ŋ	piN
Mon	mnw	bow, crossbow	20		ŋaʔ	331	ŋ a ʔ	Na7
Nyahkur	cbn	bow, crossbow	20		hã̱ːɁ	331	h ã̱ː Ɂ	ha7
Gorum	pcj	bow, crossbow	20		onaʔ	336	o n a ʔ	ona7
Kharia	khr	bow, crossbow	20		kɑʔ	333	k ɑ ʔ	ka7
Kharia	khr	bow, crossbow	20		kaʔ	333	k a ʔ	ka7
Santali	sat	bow, crossbow	20		aʔ	336	a ʔ	a7
Sora	srb	bow, crossbow	20		ɲʌŋa	334	ɲ ʌ ŋ a	5oNa
Car	caq	bow, crossbow	20		linɾɛɲ	335	l i n ɾ ɛ ɲ	linrE5
Nancowri	ncb	bow, crossbow	20		fɔɲ	340	f ɔ ɲ	fo5
Lawa(Ratanakul)	lcp	bow, crossbow	20		ʔak	336	ʔ a k	7ak
ManMet	mml	bow, crossbow	20		aak⁵³	336	a ak⁵³	aak
Palaung-Dara'ang	pce	bow, crossbow	20		ɁăɁ	336	Ɂ ă Ɂ	77
Palaung-Kalaw	pce	bow, crossbow	20		ɓlaːʔaʔ	336	ɓlaː ʔaʔ	pla7a7
Palaung-Namhsan	pce	bow, crossbow	20		ʔaʔ	336	ʔ a ʔ	7a7
Riang-Sak	ril	bow, crossbow	20		ʔɑk¹	336	ʔ ɑ k	7ak
Wa-Praok	prk	bow, crossbow	20		ʔak	336	ʔ a k	7ak
Karii	pkt	bow, crossbow	20		snaːʔ	341	s n aː ʔ	sna7
Ruc	scb	bow, crossbow	20		náː	341	n áː	na
Vietnamese	vie	bow, crossbow	20		ná	341	n á	na
Alak	alk	child/son	25		kɔːn	424	k ɔː n	kon
Bahnar-Golar	bdq	child/son	25		kɔːn	424	k ɔː n	kon
Bahnar-Kontum	bdq	child/son	25		kɔːn	424	k ɔː n	kon
Bahnar-Pleiku	bdq	child/son	25		kɔːn	424	k ɔː n	kon
Brao	brb	child/son	25		kuan	424	k ua n	kuan
Cua	cua	child/son	25		kɔːt	424	k ɔː t	kot
Halang	hal	child/son	25		koan	424	k oa n	koan
Jeh	jeh	child/son	25		kɔːn	424	k ɔː n	kon
Jru-Laven	lbo	child/son	25		kuan	424	k ua n	kuan
Mnong-Rölöm	mng	child/son	25		kuon	424	k uo n	kuon
Nyaheun	nev	child/son	25		kuan	424	k ua n	kuan
Rengao	ren	child/son	25		kɔːn	424	k ɔː n	kon
Sedang	sed	child/son	25		kɔn	424	k ɔ n	kon
Sre	kpm	child/son	25		kon	424	k o n	kon
Stieng	sti	child/son	25		kɔːn	424	k ɔː n	kon
Bru-Talan	oog	child/son	25		kərnian	425	k ə r n ia n	k3rnian
Bru-Ubon	bru	child/son	25		rənɛːn	425	r ə n ɛː n	r3nEn
In	irr	child/son	25		ka̰j	426	k a̰ j	kay
Katang	kgd	child/son	25		kərnɛːn	425	k ə r n ɛː n	k3rnEn
Katang	kgd	child/son	25		kajkʊːn	424	kaj kʊːn	kaykun
Katu-AnDiem	ktv	child/son	25		panien	425	p a n ie n	panien
Kui(Sriwises1978)	kdt	child/son	25		knɛːn	425	k n ɛː n	knEn
Kui(Huffman1979)	kdt	child/son	25		kənɛːn	425	k ə n ɛː n	k3nEn
Mankong	sss	child/son	25		kərnɛːn	425	k ə r n ɛː n	k3rnEn
Nge'	ngt	child/son	25		ceʔ	427	c e ʔ	Te7
Pacoh	pac	child/son	25		ʔakaj	426	ʔ a k a j	7akay
So-Khammouane	sss	child/son	25		rənɛːn	425	r ə n ɛː n	r3nEn
So-SakonNakhon	sss	child/son	25		rənɛːn	425	r ə n ɛː n	r3nEn
Souei-Saravan	kdt	child/son	25		kɔːn	424	k ɔː n	kon
Souei-Saravan	kdt	child/son	25		kʰənɛːn	425	kʰ ə n ɛː n	kh~3nEn
TaOi	tto	child/son	25		kujkɛt	428	kuj kɛt	kuykEt
TaOi	tto	child/son	25		kərnian	425	k ə r n ia n	k3rnian
Khasi	khi	child/son	25		kʰuːn	424	kʰ uː n	kh~un
Pnar	pbv	child/son	25		kʰn̩naʔ	429	kʰ n̩ n a ʔ	kh~nna7
Pnar	pbv	child/son	25		kʰɔn	424	kʰ ɔ n	kh~on
War-Lamin	aml	child/son	25		hun	424	h u n	hun
Khmer-Surin	kxm	child/son	25		koːn	424	k oː n	kon
Khmer-Standard	khm	child/son	25		koun	424	k ou n	koun
Khmu-Cuang	kjg	child/son	25		kɔːn	424	k ɔː n	kon
Khmu-Yuan	kjg	child/son	25		kɔ́ːn	424	k ɔ́ː n	kon
Mal-T'in	mlf	child/son	25		kʰwan	424	kʰ w a n	kh~wan
Bugan	bbh	child/son	25		mɛ̱⁵⁵	430	m ɛ̱	mE
Mang	zng	child/son	25		van⁶	424	v a n	van
Mon	mnw	child/son	25		kon	424	k o n	kon
Nyahkur	cbn	child/son	25		ku̱an	424	k u̱a n	kuan
Gorum	pcj	child/son	25		aŋon	424	a ŋ o n	aNon
Kharia	khr	child/son	25		kɔɳˈɖuʔ	424	k ɔ ɳ ˈɖ u ʔ	kondu7
Santali	sat	child/son	25		gidrə	423	g i d r ə	gidr3
Sora	srb	child/son	25		ɔʔn	424	ɔ ʔ n	o7n
Car	caq	child/son	25		kuən	424	k uə n	ku3n
Nancowri	ncb	child/son	25		kúan	424	k úa n	kuan
Lawa(Ratanakul)	lcp	child/son	25		kuən	424	k uə n	ku3n
ManMet	mml	child/son	25		kʰɔn³¹	424	kʰ ɔ n	kh~on
Palaung-Dara'ang	pce	child/son	25		gɔn	424	g ɔ n	gon
Palaung-Kalaw	pce	child/son	25		goːŋ	424	g oː ŋ	goN
Palaung-Namhsan	pce	child/son	25		kuən	424	k uə n	ku3n
Riang-Sak	ril	child/son	25		kuan¹	424	k ua n	kuan
Wa-Praok	prk	child/son	25		kɔn	424	k ɔ n	kon
Ruc	scb	child/son	25		kɔːn	424	k ɔː n	kon
Vietnamese	vie	child/son	25		con	424	c o n	Ton
Alak	alk	dog	28		cɔː	485	c ɔː	To
Bahnar-Golar	bdq	dog	28		kɔʔ	486	k ɔ ʔ	ko7
Bahnar-Kontum	bdq	dog	28		kɔʔ	486	k ɔ ʔ	ko7
Bahnar-Pleiku	bdq	dog	28		kɔʔ	486	k ɔ ʔ	ko7
Brao	brb	dog	28		cɑː	485	c ɑː	Ta
Cua	cua	dog	28		sɔ	485	s ɔ	so
Halang	hal	dog	28		cou	485	c ou	Tou
Jeh	jeh	dog	28		cɔw	485	c ɔ w	Tow
Jru-Laven	lbo	dog	28		cɔː	485	c ɔː	To
Mnong-Rölöm	mng	dog	28		saw	485	s a w	saw
Nyaheun	nev	dog	28		cɔː	485	c ɔː	To
Rengao	ren	dog	28		cɔː	485	c ɔː	To
Sedang	sed	dog	28		cɔ̰	485	c ɔ̰	To
Sre	kpm	dog	28		sɔ	485	s ɔ	so
Stieng	sti	dog	28		soː	485	s oː	so
Bru-Talan	oog	dog	28		cɔˀɔ	485	c ɔˀɔ	Too
Bru-Ubon	bru	dog	28		ʔaːcɔː	485	ʔ aː c ɔː	7aTo
In	irr	dog	28		cɔ̰ː	485	c ɔ̰ː	To
Katang	kgd	dog	28		ʔacɔː	485	ʔ a c ɔː	7aTo
Katu-AnDiem	ktv	dog	28		ʔacɔː	485	ʔ a c ɔː	7aTo
Kui(Sriwises1978)	kdt	dog	28		cɑː	485	c ɑː	Ta
Kui(Huffman1979)	kdt	dog	28		ʔacɑː	485	ʔ a c ɑː	7aTa
Mankong	sss	dog	28		ʔacɑː	485	ʔ a c ɑː	7aTa
Pacoh	pac	dog	28		ʔəcɔ	485	ʔ ə c ɔ	73To
So-Khammouane	sss	dog	28		ʔacɑː	485	ʔ a c ɑː	7aTa
So-SakonNakhon	sss	dog	28		ʔacɑː	485	ʔ a c ɑː	7aTa
Souei-Saravan	kdt	dog	28		ʔacɔː	485	ʔ a c ɔː	7aTo
TaOi	tto	dog	28		cɔː	485	c ɔː	To
Khasi	khi	dog	28		ksew	485	k s e w	ksew
Pnar	pbv	dog	28		ksaw	485	k s a w	ksaw
War-Lamin	aml	dog	28		ksia	485	k s ia	ksia
Khmer-Surin	kxm	dog	28		ckɛː	487	c k ɛː	TkE
Khmer-Standard	khm	dog	28		cʰəkɛː	487	cʰ ə k ɛː	Th~3kE
Idu	tyh	dog	28		câ̰w	485	c â̰ w	Taw
Khmu-Cuang	kjg	dog	28		sɔʔ	485	s ɔ ʔ	so7
Khmu-Yuan	kjg	dog	28		sɔ́ʔ	485	s ɔ́ ʔ	so7
Mal-T'in	mlf	dog	28		suaʔ	485	s ua ʔ	sua7
Bugan	bbh	dog	28		ʦau³³	485	ʦ au	cau
Mang	zng	dog	28		sə⁵¹	485	s ə	s3
Mon	mnw	dog	28		kluiw	488	k l ui w	kluiw
Nyahkur	cbn	dog	28		cʰúr	488	cʰ ú r	Th~ur
Gorum	pcj	dog	28		kusoˀd	485	k u s oˀ d	kusod
Kharia	khr	dog	28		sɔˈlɔʔ	485	s ɔ ˈl ɔ ʔ	solo7
Santali	sat	dog	28		seta	489	s e t a	seta
Sora	srb	dog	28		kinˈsoːd	485	k i n ˈs oː d	kinsod
Car	caq	dog	28		am	490	a m	am
Nancowri	ncb	dog	28		aːm	490	aː m	am
Lawa(Ratanakul)	lcp	dog	28		sɔʔ	485	s ɔ ʔ	so7
ManMet	mml	dog	28		sɔʔ⁵³	485	s ɔ ʔ	so7
Palaung-Dara'ang	pce	dog	28		maso	485	m a s o	maso
Palaung-Kalaw	pce	dog	28		saw	485	s a w	saw
Palaung-Namhsan	pce	dog	28		sɔ	485	s ɔ	so
Riang-Sak	ril	dog	28		soʔ¹	485	s o ʔ	so7
Wa-Praok	prk	dog	28		soʔ	485	s o ʔ	so7
Karii	pkt	dog	28		cɔːʔ	485	c ɔː ʔ	To7
Ruc	scb	dog	28		acɔ³	485	a c ɔ	aTo
Vietnamese	vie	dog	28		chó	485	c h ó	Tho
Alak	alk	ear	30		ntoː	540	n t oː	nto
Bahnar-Golar	bdq	ear	30		ɗɔːn	541	ɗ ɔː n	Ton
Bahnar-Kontum	bdq	ear	30		ɗɔːn	541	ɗ ɔː n	Ton
Bahnar-Pleiku	bdq	ear	30		ɗɔːn	541	ɗ ɔː n	Ton
Brao	brb	ear	30		trəpit	542	t r ə p i t	tr3pit
Cua	cua	ear	30		toːl	540	t oː l	tol
Halang	hal	ear	30		pəːt	542	p əː t	p3t
Jeh	jeh	ear	30		pa̤t	542	p a̤ t	pat
Jru-Laven	lbo	ear	30		hpiːt	542	h p iː t	hpit
Mnong-Rölöm	mng	ear	30		toːr	540	t oː r	tor
Nyaheun	nev	ear	30		ppit	542	pp i t	ppit
Rengao	ren	ear	30		dɔːn	541	d ɔː n	don
Sedang	sed	ear	30		tṵən	541	t ṵə n	t3n
Sre	kpm	ear	30		tour	540	t ou r	tour
Stieng	sti	ear	30		toːr	540	t oː r	tor
Bru-Talan	oog	ear	30		kətoːr	540	k ə t oː r	k3tor
Bru-Ubon	bru	ear	30		kətuːr	540	k ə t uː r	k3tur
In	irr	ear	30		kətoːr	540	k ə t oː r	k3tor
Katang	kgd	ear	30		kətʊːr	540	k ə t ʊː r	k3tur
Katu-AnDiem	ktv	ear	30		katɑr	540	k a t ɑ r	katar
Kui(Sriwises1978)	kdt	ear	30		kətɔːr	540	k ə t ɔː r	k3tor
Kui(Huffman1979)	kdt	ear	30		kətɔːl	540	k ə t ɔː l	k3tol
Mankong	sss	ear	30		kutoːr	540	k u t oː r	kutor
Nge'	ngt	ear	30		kator	540	k a t o r	kator
Pacoh	pac	ear	30		kutṵːr	540	k u t ṵː r	kutr
So-Khammouane	sss	ear	30		kətuːr	540	k ə t uː r	k3tur
So-SakonNakhon	sss	ear	30		kətuːr	540	k ə t uː r	k3tur
Souei-Saravan	kdt	ear	30		kətoːl	540	k ə t oː l	k3tol
TaOi	tto	ear	30		kətoːr	540	k ə t oː r	k3tor
Khasi	khi	ear	30		ʃkɔːr	543	ʃ k ɔː r	Skor
Pnar	pbv	ear	30		ckoːr	543	c k oː r	Tkor
War-Lamin	aml	ear	30		təraŋ	544	t ə r a ŋ	t3raN
Khmer-Surin	kxm	ear	30		tʨɪːɁ	545	t ʨ ɪː Ɂ	tCi7
Khmer-Standard	khm	ear	30		trɑciəʔ	545	t r ɑ c iə ʔ	traTi37
Idu	tyh	ear	30		kɛ́ʔ	546	k ɛ́ ʔ	kE7
Khmu-Cuang	kjg	ear	30		rməːj	547	r m əː j	rm3y
Khmu-Yuan	kjg	ear	30		hrmə̀ːj	547	h r m ə̀ː j	hrm3y
Mal-T'in	mlf	ear	30		mɔːj	547	m ɔː j	moy
Bugan	bbh	ear	30		pa⁵⁵ʦɛ³⁵	545	pa⁵⁵ ʦɛ³⁵	pacE
Mang	zng	ear	30		ŋ²teː⁶	536	ŋ² teː⁶	Nte
Mon	mnw	ear	30		kato	540	k a t o	kato
Nyahkur	cbn	ear	30		kətúər	540	k ə t úə r	k3tu3r
Gorum	pcj	ear	30		luˀd	540	l uˀ d	lud
Kharia	khr	ear	30		luˈtur	540	l u ˈt u r	lutur
Santali	sat	ear	30		lutur	540	l u t u r	lutur
Sora	srb	ear	30		lʔud	540	l ʔ u d	l7ud
Car	caq	ear	30		naŋ	537	n a ŋ	naN
Nancowri	ncb	ear	30		naŋ	537	n a ŋ	naN
Lawa(Ratanakul)	lcp	ear	30		suək	538	s uə k	su3k
ManMet	mml	ear	30		lăʔ⁵³sok³³	538	lăʔ⁵³ sok³³	l7sok
Palaung-Dara'ang	pce	ear	30		Ɂaj̊ouɁ	538	Ɂ a j̊ ou Ɂ	7ayou7
Palaung-Kalaw	pce	ear	30		ʔaçawʔ	538	ʔa çawʔ	7aSaw7
Palaung-Namhsan	pce	ear	30		hjɔʔ	538	h j ɔ ʔ	hyo7
Riang-Sak	ril	ear	30		tjor¹	540	t j o r	tyor
Wa-Praok	prk	ear	30		jʰaɔk	537	jʰ aɔ k	yh~aok
Karii	pkt	ear	30		saːj	539	s aː j	say
Ruc	scb	ear	30		saj	539	s a j	say
Vietnamese	vie	ear	30		tai	539	t ai	tai
Alak	alk	egg	32		kantap	578	k a n t a p	kantap
Bahnar-Golar	bdq	egg	32		kətap	578	k ə t a p	k3tap
Bahnar-Kontum	bdq	egg	32		kətap	578	k ə t a p	k3tap
Bahnar-Pleiku	bdq	egg	32		kətap	578	k ə t a p	k3tap
Brao	brb	egg	32		kəleː	579	k ə l eː	k3le
Cua	cua	egg	32		katap	578	k a t a p	katap
Halang	hal	egg	32		kətap	578	k ə t a p	k3tap
Jeh	jeh	egg	32		tətap	578	t ə t a p	t3tap
Jru-Laven	lbo	egg	32		klɛː	579	k l ɛː	klE
Mnong-Rölöm	mng	egg	32		tap	578	t a p	tap
Nyaheun	nev	egg	32		klɛː	579	k l ɛː	klE
Rengao	ren	egg	32		kətap	578	k ə t a p	k3tap
Sedang	sed	egg	32		kətà	578	k ə t à	k3ta
Sre	kpm	egg	32		tap	578	t a p	tap
Stieng	sti	egg	32		tap	578	t a p	tap
Bru-Talan	oog	egg	32		triˀal	580	t r iˀa l	trial
Bru-Ubon	bru	egg	32		ntre̤ːl	580	n t r e̤ː l	ntrel
In	irr	egg	32		trḭal	580	t r ḭa l	tral
Katang	kgd	egg	32		ntriːəl	580	n t r iːə l	ntri3l
Katu-AnDiem	ktv	egg	32		karaːw	581	k a r aː w	karaw
Kui(Sriwises1978)	kdt	egg	32		ntʰrèːl	580	n tʰ r èː l	nth~rel
Kui(Huffman1979)	kdt	egg	32		ntrɛ̤ːl	580	n t r ɛ̤ː l	ntrEl
Mankong	sss	egg	32		ntre̤ːl	580	n t r e̤ː l	ntrel
Nge'	ngt	egg	32		tareəl	580	t a r eə l	tare3l
Pacoh	pac	egg	32		tirḭal	580	t i r ḭa l	tiral
So-Khammouane	sss	egg	32		kirɛ̤ːl	580	k i r ɛ̤ː l	kirEl
So-SakonNakhon	sss	egg	32		kirɛːl	580	k i r ɛː l	kirEl
Souei-Saravan	kdt	egg	32		tʽɛːl	580	tʽ ɛː l	tEl
TaOi	tto	egg	32		trial	580	t r ia l	trial
Khasi	khi	egg	32		pɨllɛŋ	572	p ɨ ll ɛ ŋ	p3llEN
Pnar	pbv	egg	32		pɨllɛɲ	572	p ɨ ll ɛ ɲ	p3llE5
War-Lamin	aml	egg	32		ləlʊn	563	l ə l ʊ n	l3lun
Khmer-Surin	kxm	egg	32		puːaŋ	564	p uːa ŋ	puaN
Khmer-Standard	khm	egg	32		pɔːŋ	564	p ɔː ŋ	poN
Idu	tyh	egg	32		plâ̤ːʔîər	565	plâ̤ː ʔîər	pla7i3r
Khmu-Cuang	kjg	egg	32		kədoŋ	566	k ə d o ŋ	k3doN
Khmu-Yuan	kjg	egg	32		któŋ	566	k t ó ŋ	ktoN
Mal-T'in	mlf	egg	32		tɔŋ	566	t ɔ ŋ	toN
Bugan	bbh	egg	32		tʰam³³	567	tʰ a m	th~am
Mang	zng	egg	32		ʑua⁶	568	ʑ ua	Zua
Mon	mnw	egg	32		həmaɛ	569	h ə m aɛ	h3maE
Gorum	pcj	egg	32		ariˀɟ	570	a r iˀ ɟ	ariC
Kharia	khr	egg	32		anɖa	571	a n ɖ a	anda
Santali	sat	egg	32		bili	573	b i l i	bili
Sora	srb	egg	32		ʌdrɛ	571	ʌ d r ɛ	odrE
Car	caq	egg	32		ʔuhaː	574	ʔ u h aː	7uha
Nancowri	ncb	egg	32		hujæ	574	h u j æ	huyE
Lawa(Ratanakul)	lcp	egg	32		tɔm	567	t ɔ m	tom
ManMet	mml	egg	32		tʰăm³⁵	567	tʰ ă m	th~m
Palaung-Dara'ang	pce	egg	32		pǝn	575	p ǝ n	p3n
Palaung-Kalaw	pce	egg	32		pəːŋ	575	p əː ŋ	p3N
Palaung-Namhsan	pce	egg	32		kətəm	567	k ə t ə m	k3t3m
Riang-Sak	ril	egg	32		tam¹	567	t a m	tam
Wa-Praok	prk	egg	32		tɔm	567	t ɔ m	tom
Karii	pkt	egg	32		tuluːrʔ	576	t u l uː r ʔ	tulur7
Ruc	scb	egg	32		tuluːl³	576	t u l uː l	tulul
Vietnamese	vie	egg	32		trứng	577	t r u n g	trng
Alak	alk	eight	33		taŋhaːm	582	t a ŋ h aː m	taNham
Bahnar-Golar	bdq	eight	33		təhŋam	582	t ə h ŋ a m	t3hNam
Bahnar-Kontum	bdq	eight	33		təhŋam	582	t ə h ŋ a m	t3hNam
Bahnar-Pleiku	bdq	eight	33		təhŋaːm	582	t ə h ŋ aː m	t3hNam
Brao	brb	eight	33		tʰaːm	582	tʰ aː m	th~am
Cua	cua	eight	33		tʰəːm	582	tʰ əː m	th~3m
Halang	hal	eight	33		təhaːm	582	t ə h aː m	t3ham
Jeh	jeh	eight	33		təhaːm	582	t ə h aː m	t3ham
Jru-Laven	lbo	eight	33		tʰaːm	582	tʰ aː m	th~am
Mnong-Rölöm	mng	eight	33		pʰaːm	582	pʰ aː m	ph~am
Nyaheun	nev	eight	33		tʰaːm	582	tʰ aː m	th~am
Rengao	ren	eight	33		təhaːm	582	t ə h aː m	t3ham
Sedang	sed	eight	33		təhɛ̰əm	582	t ə h ɛ̰ə m	t3hE3m
Sre	kpm	eight	33		pʰam	582	pʰ a m	ph~am
Stieng	sti	eight	33		pʰaːm	582	pʰ aː m	ph~am
Bru-Talan	oog	eight	33		təkɔˀɔl	587	t ə k ɔˀɔ l	t3kool
Bru-Ubon	bru	eight	33		təkṳal	587	t ə k ṳa l	t3kal
In	irr	eight	33		təkɔ̰ːl	587	t ə k ɔ̰ː l	t3kol
Katang	kgd	eight	33		təkuːal	587	t ə k uːa l	t3kual
Katu-AnDiem	ktv	eight	33		takɑːl	587	t a k ɑː l	takal
Kui(Sriwises1978)	kdt	eight	33		takṳal	587	t a k ṳa l	takal
Kui(Huffman1979)	kdt	eight	33		təko̤al	587	t ə k o̤a l	t3koal
Mankong	sss	eight	33		təkṳal	587	t ə k ṳa l	t3kal
Nge'	ngt	eight	33		takɔːl	587	t a k ɔː l	takol
Pacoh	pac	eight	33		tikɔːl	587	t i k ɔː l	tikol
So-Khammouane	sss	eight	33		təko̤al	587	t ə k o̤a l	t3koal
So-SakonNakhon	sss	eight	33		təko̤al	587	t ə k o̤a l	t3koal
Souei-Saravan	kdt	eight	33		təkɔːl	587	t ə k ɔː l	t3kol
TaOi	tto	eight	33		təkɔːl	587	t ə k ɔː l	t3kol
Khasi	khi	eight	33		pʰra	588	pʰ r a	ph~ra
Pnar	pbv	eight	33		pʰra	588	pʰ r a	ph~ra
War-Lamin	aml	eight	33		hmpʔə̃	589	h m p ʔ ə̃	hmp73
Khmer-Surin	kxm	eight	33		prambaj	590	p r a m b a j	prambay
Khmer-Standard	khm	eight	33		prambaj	590	p r a m b a j	prambay
Idu	tyh	eight	33		kʰrûŋ	591	kʰ r u ŋ	kh~rN
Khmu-Cuang	kjg	eight	33		taːm	582	t aː m	tam
Bugan	bbh	eight	33		sã³	592	s ã	sa
Mang	zng	eight	33		tam¹haːm²	582	tam¹ haːm²	tamham
Mon	mnw	eight	33		həcam	593	h ə c a m	h3Tam
Nyahkur	cbn	eight	33		ɲcáːm	593	ɲ c áː m	5Tam
Gorum	pcj	eight	33		tamgi	582	t a m g i	tamgi
Kharia	khr	eight	33		tʰɑm	582	tʰ ɑ m	th~am
Santali	sat	eight	33		irəl	583	i r ə l	ir3l
Sora	srb	eight	33		tamɟi	582	t a m ɟ i	tamCi
Car	caq	eight	33		hɛwhərɛ	584	h ɛ w h ə r ɛ	hEwh3rE
Nancowri	ncb	eight	33		ʔenfoal	585	ʔ e n f oa l	7enfoal
Lawa(Ratanakul)	lcp	eight	33		səteʔ	586	s ə t e ʔ	s3te7
Palaung-Dara'ang	pce	eight	33		nda	586	n d a	nda
Palaung-Kalaw	pce	eight	33		ɗɯaɓok	586	ɗɯa ɓok	Tuapok
Palaung-Namhsan	pce	eight	33		ta	586	t a	ta
Riang-Sak	ril	eight	33		pᵊr²tɑʔ¹	586	pᵊ r t ɑ ʔ	prta7
Wa-Praok	prk	eight	33		daiʔ	586	d ai ʔ	dai7
Karii	pkt	eight	33		saːmʔ	592	s aː m ʔ	sam7
Ruc	scb	eight	33		tʰaːm³	592	tʰ aː m	th~am
Vietnamese	vie	eight	33		tám	592	t á m	tam
Alak	alk	excrement/shit	34		ʔɔːʔ	600	ʔ ɔː ʔ	7o7
Bahnar-Golar	bdq	excrement/shit	34		ʔic	594	ʔ i c	7iT
Bahnar-Kontum	bdq	excrement/shit	34		ʔic	594	ʔ i c	7iT
Bahnar-Pleiku	bdq	excrement/shit	34		ʔic	594	ʔ i c	7iT
Brao	brb	excrement/shit	34		trac	601	t r a c	traT
Halang	hal	excrement/shit	34		ʔik	594	ʔ i k	7ik
Jeh	jeh	excrement/shit	34		ʔɛk	594	ʔ ɛ k	7Ek
Jru-Laven	lbo	excrement/shit	34		ʔic	594	ʔ i c	7iT
Nyaheun	nev	excrement/shit	34		ʔic	594	ʔ i c	7iT
Rengao	ren	excrement/shit	34		ʔi̤k	594	ʔ i̤ k	7ik
Sedang	sed	excrement/shit	34		ʔeək	594	ʔ eə k	7e3k
Sre	kpm	excrement/shit	34		ʔe	594	ʔ e	7e
Stieng	sti	excrement/shit	34		ʔac	594	ʔ a c	7aT
Bru-Talan	oog	excrement/shit	34		ʔɔˀɔʔ	600	ʔ ɔˀɔ ʔ	7oo7
Bru-Ubon	bru	excrement/shit	34		krɛʔ	602	k r ɛ ʔ	krE7
In	irr	excrement/shit	34		ʔɔ̰ːʔ	600	ʔ ɔ̰ː ʔ	7o7
Katang	kgd	excrement/shit	34		kreʔ	602	k r e ʔ	kre7
Katu-AnDiem	ktv	excrement/shit	34		ʔɛh	603	ʔ ɛ h	7Eh
Kui(Sriwises1978)	kdt	excrement/shit	34		klɑːŋ	604	k l ɑː ŋ	klaN
Kui(Huffman1979)	kdt	excrement/shit	34		klɑːŋ	604	k l ɑː ŋ	klaN
Mankong	sss	excrement/shit	34		krɛʔ	602	k r ɛ ʔ	krE7
Nge'	ngt	excrement/shit	34		ʔɔːʔ	600	ʔ ɔː ʔ	7o7
So-Khammouane	sss	excrement/shit	34		cikrɛʔ	602	c i k r ɛ ʔ	TikrE7
So-SakonNakhon	sss	excrement/shit	34		krɛʔ	602	k r ɛ ʔ	krE7
Souei-Saravan	kdt	excrement/shit	34		ʔɔːʔ	600	ʔ ɔː ʔ	7o7
TaOi	tto	excrement/shit	34		ʔɔːʔ	600	ʔ ɔː ʔ	7o7
Khasi	khi	excrement/shit	34		eit	594	ei t	eit
Pnar	pbv	excrement/shit	34		et̪	594	e t̪	et
War-Lamin	aml	excrement/shit	34		ksɪəŋ	605	k s ɪə ŋ	ksi3N
Khmer-Surin	kxm	excrement/shit	34		ʔac	594	ʔ a c	7aT
Khmer-Standard	khm	excrement/shit	34		ʔac	594	ʔ a c	7aT
Idu	tyh	excrement/shit	34		jáʔ	606	j á ʔ	ya7
Khmu-Cuang	kjg	excrement/shit	34		ʔiak	606	ʔ ia k	7iak
Khmu-Yuan	kjg	excrement/shit	34		ʔjíak	606	ʔ j ía k	7yiak
Mal-T'in	mlf	excrement/shit	34		ʔiak	606	ʔ ia k	7iak
Bugan	bbh	excrement/shit	34		a̱i̱³³	607	a̱i̱	ai
Mang	zng	excrement/shit	34		ɲaŋ¹	595	ɲ a ŋ	5aN
Mon	mnw	excrement/shit	34		ʔɔc	594	ʔ ɔ c	7oT
Nyahkur	cbn	excrement/shit	34		ʔic	594	ʔ i c	7iT
Gorum	pcj	excrement/shit	34		asoŋ	596	a s o ŋ	asoN
Kharia	khr	excrement/shit	34		iʔɟ	594	i ʔ ɟ	i7C
Santali	sat	excrement/shit	34		iɟ	594	i ɟ	iC
Sora	srb	excrement/shit	34		ʌsɔŋ	596	ʌ s ɔ ŋ	osoN
Car	caq	excrement/shit	34		sɔʔ	596	s ɔ ʔ	so7
Nancowri	ncb	excrement/shit	34		ʔãc	594	ʔ ã c	7aT
Lawa(Ratanakul)	lcp	excrement/shit	34		ʔjiəŋ	597	ʔ j iə ŋ	7yi3N
ManMet	mml	excrement/shit	34		ɛŋ³⁵	598	ɛ ŋ	EN
Palaung-Dara'ang	pce	excrement/shit	34		ʔiaŋ	597	ʔ ia ŋ	7iaN
Palaung-Kalaw	pce	excrement/shit	34		ʔiak	597	ʔ ia k	7iak
Palaung-Namhsan	pce	excrement/shit	34		ʔiəŋ	597	ʔ iə ŋ	7i3N
Riang-Sak	ril	excrement/shit	34		jaŋ¹	597	j a ŋ	yaN
Wa-Praok	prk	excrement/shit	34		ʔaɲ	598	ʔ a ɲ	7a5
Karii	pkt	excrement/shit	34		kìc	599	k ì c	kiT
Ruc	scb	excrement/shit	34		kɨc¹	599	k ɨ c	k3T
Vietnamese	vie	excrement/shit	34		iả	603	i a	i
Alak	alk	far/distant	36		cəŋaːj	623	c ə ŋ aː j	T3Nay
Bahnar-Golar	bdq	far/distant	36		hətɔl	622	h ə t ɔ l	h3tol
Bahnar-Kontum	bdq	far/distant	36		ʔatajh	624	ʔ a t a j h	7atayh
Bahnar-Pleiku	bdq	far/distant	36		ʔatajh	624	ʔ a t a j h	7atayh
Brao	brb	far/distant	36		cɨŋaːj	623	c ɨ ŋ aː j	T3Nay
Cua	cua	far/distant	36		saŋɨːj	623	s a ŋ ɨː j	saN3y
Halang	hal	far/distant	36		həʔŋaːj	623	h ə ʔ ŋ aː j	h37Nay
Jeh	jeh	far/distant	36		siʔŋaːj	623	s i ʔ ŋ aː j	si7Nay
Jru-Laven	lbo	far/distant	36		hŋaːj	623	h ŋ aː j	hNay
Mnong-Rölöm	mng	far/distant	36		məːɲmaːɲ	625	məːɲ maːɲ	m35ma5
Mnong-Rölöm	mng	far/distant	36		wac	624	w a c	waT
Mnong-Rölöm	mng	far/distant	36		ɗaŋ	611	ɗ a ŋ	TaN
Nyaheun	nev	far/distant	36		ŋjɛː	623	ŋ j ɛː	NyE
Rengao	ren	far/distant	36		həʔŋaːj	623	h ə ʔ ŋ aː j	h37Nay
Sedang	sed	far/distant	36		həŋḛ	623	h ə ŋ ḛ	h3N
Sre	kpm	far/distant	36		ŋaj	623	ŋ a j	Nay
Stieng	sti	far/distant	36		ŋaːj	623	ŋ aː j	Nay
Bru-Talan	oog	far/distant	36		jəˀəŋ	612	j əˀə ŋ	y33N
Bru-Ubon	bru	far/distant	36		jɨːŋ	612	j ɨː ŋ	y3N
In	irr	far/distant	36		ɟə̰ːŋ	612	ɟ ə̰ː ŋ	C3N
Katang	kgd	far/distant	36		jɨːəŋ	612	j ɨːə ŋ	y33N
Katu-AnDiem	ktv	far/distant	36		caŋaːj	623	c a ŋ aː j	TaNay
Kui(Sriwises1978)	kdt	far/distant	36		ŋhaːj	623	ŋ h aː j	Nhay
Kui(Huffman1979)	kdt	far/distant	36		cəŋhaːj	623	c ə ŋ h aː j	T3Nhay
Mankong	sss	far/distant	36		jə̤ːŋ	612	j ə̤ː ŋ	y3N
Nge'	ngt	far/distant	36		caŋaːj	623	c a ŋ aː j	TaNay
Pacoh	pac	far/distant	36		joːŋ	612	j oː ŋ	yoN
So-Khammouane	sss	far/distant	36		jəːŋ	612	j əː ŋ	y3N
So-SakonNakhon	sss	far/distant	36		jə̤ːŋ	612	j ə̤ː ŋ	y3N
Souei-Saravan	kdt	far/distant	36		cəŋaːj	623	c ə ŋ aː j	T3Nay
TaOi	tto	far/distant	36		jəːŋ	612	j əː ŋ	y3N
Khasi	khi	far/distant	36		ɟŋaːj	623	ɟ ŋ aː j	CNay
Pnar	pbv	far/distant	36		ʤŋai	623	ʤ ŋ ai	jNai
War-Lamin	aml	far/distant	36		ʧŋʊ	623	ʧ ŋ ʊ	CNu
Khmer-Surin	kxm	far/distant	36		ʨhŋaːj	623	ʨ h ŋ aː j	ChNay
Khmer-Standard	khm	far/distant	36		cŋaːj	623	c ŋ aː j	TNay
Idu	tyh	far/distant	36		lâ̤ŋ	613	l â̤ ŋ	laN
Khmu-Cuang	kjg	far/distant	36		ɟaːr	614	ɟ aː r	Car
Khmu-Yuan	kjg	far/distant	36		càʔ	615	c à ʔ	Ta7
Mal-T'in	mlf	far/distant	36		ʔiaʔ	615	ʔ ia ʔ	7ia7
Bugan	bbh	far/distant	36		xi³³	616	x i	xi
Mang	zng	far/distant	36		ɲɛː¹	623	ɲ ɛː	5E
Mon	mnw	far/distant	36		hòa	623	h òa	hoa
Nyahkur	cbn	far/distant	36		cʰəŋɛ̀j	623	cʰ ə ŋ ɛ̀ j	Th~3NEy
Gorum	pcj	far/distant	36		saŋaj	623	s a ŋ a j	saNay
Kharia	khr	far/distant	36		ɖisaʔɖuʔ	617	ɖ i s a ʔ ɖ u ʔ	disa7du7
Santali	sat	far/distant	36		saṃgiɲ	623	s a ṃ g i ɲ	sagi5
Sora	srb	far/distant	36		sʌnaɟ	623	s ʌ n a ɟ	sonaC
Car	caq	far/distant	36		maɾɔwat	618	m a ɾ ɔ w a t	marowat
Nancowri	ncb	far/distant	36		həj	619	h ə j	h3y
Lawa(Ratanakul)	lcp	far/distant	36		cʰɨə	620	cʰ ɨə	Th~33
ManMet	mml	far/distant	36		nai³¹	623	n ai	nai
Palaung-Dara'ang	pce	far/distant	36		toŋ	621	t o ŋ	toN
Palaung-Kalaw	pce	far/distant	36		ŋkatok	621	ŋka tok	Nkatok
Palaung-Namhsan	pce	far/distant	36		səŋaj	623	s ə ŋ a j	s3Nay
Riang-Sak	ril	far/distant	36		sᵊŋɑj²	623	sᵊ ŋ ɑ j	sNay
Wa-Praok	prk	far/distant	36		sŋa̤i	623	s ŋ a̤i	sNai
Karii	pkt	far/distant	36		jàrh	622	j à r h	yarh
Ruc	scb	far/distant	36		ciŋaːj³	623	c i ŋ aː j	TiNay
Vietnamese	vie	far/distant	36		ngái	623	n g ái	ngai
Alak	alk	fat/oil/grease	37		pʻaŋhuː	651	pʻ a ŋ h uː	paNhu
Brao	brb	fat/oil/grease	37		puːŋ	652	p uː ŋ	puN
Cua	cua	fat/oil/grease	37		kapəʔ	653	k a p ə ʔ	kap37
Halang	hal	fat/oil/grease	37		bədrɛaŋ	654	b ə d r ɛa ŋ	b3drEaN
Jeh	jeh	fat/oil/grease	37		pədrɛːŋ	654	p ə d r ɛː ŋ	p3drEN
Jru-Laven	lbo	fat/oil/grease	37		puk	653	p u k	puk
Mnong-Rölöm	mng	fat/oil/grease	37		ndrieŋ	654	n d r ie ŋ	ndrieN
Mnong-Rölöm	mng	fat/oil/grease	37		nhaːc	628	n h aː c	nhaT
Nyaheun	nev	fat/oil/grease	37		puk	653	p u k	puk
Rengao	ren	fat/oil/grease	37		biːk	630	b iː k	bik
Sre	kpm	fat/oil/grease	37		dəŋi	631	d ə ŋ i	d3Ni
Stieng	sti	fat/oil/grease	37		priːŋ	654	p r iː ŋ	priN
Bru-Talan	oog	fat/oil/grease	37		ɲcʰɛˀɛŋ	632	ɲ cʰ ɛˀɛ ŋ	5Th~EEN
Bru-Ubon	bru	fat/oil/grease	37		nseːŋ	632	n s eː ŋ	nseN
In	irr	fat/oil/grease	37		nəsɛ̰ːŋ	632	n ə s ɛ̰ː ŋ	n3sEN
Katang	kgd	fat/oil/grease	37		nsɪːŋ	632	n s ɪː ŋ	nsiN
Katu-AnDiem	ktv	fat/oil/grease	37		siaŋ	632	s ia ŋ	siaN
Kui(Sriwises1978)	kdt	fat/oil/grease	37		ncʰɛːɲ	632	n cʰ ɛː ɲ	nTh~E5
Kui(Huffman1979)	kdt	fat/oil/grease	37		ɲcʰɛːŋ	632	ɲ cʰ ɛː ŋ	5Th~EN
Mankong	sss	fat/oil/grease	37		nsɛːŋ	632	n s ɛː ŋ	nsEN
Nge'	ngt	fat/oil/grease	37		nsieŋ	632	n s ie ŋ	nsieN
Pacoh	pac	fat/oil/grease	37		nsɛːŋ	632	n s ɛː ŋ	nsEN
So-Khammouane	sss	fat/oil/grease	37		plṳm	633	p l ṳ m	plm
So-Khammouane	sss	fat/oil/grease	37		nsɛːŋ	632	n s ɛː ŋ	nsEN
So-SakonNakhon	sss	fat/oil/grease	37		ʔala̤ŋ	634	ʔ a l a̤ ŋ	7alaN
So-SakonNakhon	sss	fat/oil/grease	37		nsɛːŋ	632	n s ɛː ŋ	nsEN
Souei-Saravan	kdt	fat/oil/grease	37		plɨm	633	p l ɨ m	pl3m
Souei-Saravan	kdt	fat/oil/grease	37		kʰaj	635	kʰ a j	kh~ay
Souei-Saravan	kdt	fat/oil/grease	37		sɛːŋ	632	s ɛː ŋ	sEN
Khasi	khi	fat/oil/grease	37		kʰleɲ	627	kʰ l e ɲ	kh~le5
Pnar	pbv	fat/oil/grease	37		kʰlaɲ	627	kʰ l a ɲ	kh~la5
War-Lamin	aml	fat/oil/grease	37		ləʔɒt	626	l ə ʔ ɒ t	l37ot
Khmer-Surin	kxm	fat/oil/grease	37		kʰlaɲ	627	kʰ l a ɲ	kh~la5
Khmer-Standard	khm	fat/oil/grease	37		kʰlaɲ	627	kʰ l a ɲ	kh~la5
Idu	tyh	fat/oil/grease	37		jakâ̰ːr	636	j a k â̰ː r	yakar
Khmu-Cuang	kjg	fat/oil/grease	37		məːj	637	m əː j	m3y
Khmu-Yuan	kjg	fat/oil/grease	37		mə̀ːj	637	m ə̀ː j	m3y
Mal-T'in	mlf	fat/oil/grease	37		mplaːŋ	638	m p l aː ŋ	mplaN
Bugan	bbh	fat/oil/grease	37		ȵi³³	631	ȵ i	5i
Mang	zng	fat/oil/grease	37		puaŋ³⁵	629	p ua ŋ	puaN
Mon	mnw	fat/oil/grease	37		klɑɲ	627	k l ɑ ɲ	kla5
Nyahkur	cbn	fat/oil/grease	37		kəlíɲ	627	k ə l í ɲ	k3li5
Gorum	pcj	fat/oil/grease	37		loruŋ	640	l o r u ŋ	loruN
Kharia	khr	fat/oil/grease	37		ɟɔːl	641	ɟ ɔː l	Col
Santali	sat	fat/oil/grease	37		itil	642	i t i l	itil
Sora	srb	fat/oil/grease	37		kʌri	639	k ʌ r i	kori
Car	caq	fat/oil/grease	37		ʔajaŋ	643	ʔ a j a ŋ	7ayaN
Car	caq	fat/oil/grease	37		tahəc	644	t a h ə c	tah3T
Nancowri	ncb	fat/oil/grease	37		já	645	j á	ya
Nancowri	ncb	fat/oil/grease	37		ŋác	646	ŋ á c	NaT
Lawa(Ratanakul)	lcp	fat/oil/grease	37		ʔaɨh	648	ʔ aɨ h	7a3h
ManMet	mml	fat/oil/grease	37		m̩'pʰɛŋ³⁵	654	m̩ 'pʰ ɛ ŋ	mph~EN
Palaung-Dara'ang	pce	fat/oil/grease	37		briaŋ	654	b r ia ŋ	briaN
Palaung-Kalaw	pce	fat/oil/grease	37		ɓriak	654	ɓ r ia k	priak
Palaung-Kalaw	pce	fat/oil/grease	37		glan	627	g l a n	glan
Palaung-Namhsan	pce	fat/oil/grease	37		priaŋ	654	p r ia ŋ	priaN
Riang-Sak	ril	fat/oil/grease	37		kʰɑj	647	kʰ ɑ j	kh~ay
Wa-Praok	prk	fat/oil/grease	37		kluɲ	627	k l u ɲ	klu5
Wa-Praok	prk	fat/oil/grease	37		loih	648	l oi h	loih
Karii	pkt	fat/oil/grease	37		ntuː	649	n t uː	ntu
Ruc	scb	fat/oil/grease	37		kluŋ²	627	k l u ŋ	kluN
Vietnamese	vie	fat/oil/grease	37		mỡ	650	m õ	m
Alak	alk	fear/afraid	38		kɛːc	674	k ɛː c	kET
Bahnar-Golar	bdq	fear/afraid	38		hliː	673	h l iː	hli
Bahnar-Kontum	bdq	fear/afraid	38		ʔjuʔ	675	ʔ j u ʔ	7yu7
Bahnar-Pleiku	bdq	fear/afraid	38		hliː	673	h l iː	hli
Brao	brb	fear/afraid	38		duːŋ	655	d uː ŋ	duN
Cua	cua	fear/afraid	38		ʔjoʔ	675	ʔ j o ʔ	7yo7
Halang	hal	fear/afraid	38		həmɔh	676	h ə m ɔ h	h3moh
Jeh	jeh	fear/afraid	38		ʔjuʔ	675	ʔ j u ʔ	7yu7
Jru-Laven	lbo	fear/afraid	38		hmoʔ	676	h m o ʔ	hmo7
Mnong-Rölöm	mng	fear/afraid	38		kʰiːr	677	kʰ iː r	kh~ir
Mnong-Rölöm	mng	fear/afraid	38		ɗiːr	678	ɗ iː r	Tir
Nyaheun	nev	fear/afraid	38		hmoʔ	676	h m o ʔ	hmo7
Rengao	ren	fear/afraid	38		jṳʔ	675	j ṳ ʔ	y7
Sedang	sed	fear/afraid	38		re	656	r e	re
Sre	kpm	fear/afraid	38		cu	675	c u	Tu
Stieng	sti	fear/afraid	38		pʰoŋ	657	pʰ o ŋ	ph~oN
Bru-Talan	oog	fear/afraid	38		ŋkɔˀɔh	658	ŋ k ɔˀɔ h	Nkooh
Bru-Ubon	bru	fear/afraid	38		ŋkɔh	658	ŋ k ɔ h	Nkoh
In	irr	fear/afraid	38		ŋkɔ̰ːh	658	ŋ k ɔ̰ː h	Nkoh
Katang	kgd	fear/afraid	38		ŋkɔh	658	ŋ k ɔ h	Nkoh
Katu-AnDiem	ktv	fear/afraid	38		patuəŋ	655	p a t uə ŋ	patu3N
Kui(Sriwises1978)	kdt	fear/afraid	38		ʔatuːŋ	655	ʔ a t uː ŋ	7atuN
Kui(Huffman1979)	kdt	fear/afraid	38		tuəŋ	655	t uə ŋ	tu3N
Mankong	sss	fear/afraid	38		ŋkɑh	658	ŋ k ɑ h	Nkah
Nge'	ngt	fear/afraid	38		ɲuʔ	675	ɲ u ʔ	5u7
Pacoh	pac	fear/afraid	38		ʔaɗah	659	ʔ a ɗ a h	7aTah
So-Khammouane	sss	fear/afraid	38		ʔatuəŋ	655	ʔ a t uə ŋ	7atu3N
So-SakonNakhon	sss	fear/afraid	38		ʔatṳəŋ	655	ʔ a t ṳə ŋ	7at3N
Souei-Saravan	kdt	fear/afraid	38		tuaŋ	655	t ua ŋ	tuaN
TaOi	tto	fear/afraid	38		ŋkɔːh	658	ŋ k ɔː h	Nkoh
Khasi	khi	fear/afraid	38		tieŋ	655	t ie ŋ	tieN
Pnar	pbv	fear/afraid	38		teɲ	655	t e ɲ	te5
War-Lamin	aml	fear/afraid	38		ktɪəŋ	655	k t ɪə ŋ	kti3N
Khmer-Surin	kxm	fear/afraid	38		kʰlaːc	660	kʰ l aː c	kh~laT
Khmer-Standard	khm	fear/afraid	38		klaːc	660	k l aː c	klaT
Idu	tyh	fear/afraid	38		tûŋ	655	t u ŋ	tN
Khmu-Cuang	kjg	fear/afraid	38		hŋkɨər	677	h ŋ k ɨə r	hNk33r
Khmu-Yuan	kjg	fear/afraid	38		ŋɔ̀ʔ	661	ŋ ɔ̀ ʔ	No7
Mal-T'in	mlf	fear/afraid	38		liək	662	l iə k	li3k
Bugan	bbh	fear/afraid	38		ɕɔ³	675	ɕ ɔ	So
Mang	zng	fear/afraid	38		paː²ʑeː³mat⁷	663	paː² ʑeː³ mat⁷	paZemat
Mon	mnw	fear/afraid	38		pʰɑc	664	pʰ ɑ c	ph~aT
Nyahkur	cbn	fear/afraid	38		pʰíːc	664	pʰ íː c	ph~iT
Gorum	pcj	fear/afraid	38		butoŋ	655	b u t o ŋ	butoN
Kharia	khr	fear/afraid	38		ˈbɔtɔŋ	655	ˈb ɔ t ɔ ŋ	botoN
Santali	sat	fear/afraid	38		botor	665	b o t o r	botor
Sora	srb	fear/afraid	38		bʌtɔŋ	655	b ʌ t ɔ ŋ	botoN
Car	caq	fear/afraid	38		pahɛʔɛ	666	p a h ɛ ʔ ɛ	pahE7E
Car	caq	fear/afraid	38		paɛkuː	666	p aɛ k uː	paEku
Nancowri	ncb	fear/afraid	38		pahuáʔ	666	p a h uá ʔ	pahua7
Lawa(Ratanakul)	lcp	fear/afraid	38		cʰɨmləpʰaom	668	cʰɨm ləpʰaom	Th~3ml3ph~aom
ManMet	mml	fear/afraid	38		lat¹¹	667	l a t	lat
Palaung-Dara'ang	pce	fear/afraid	38		jo	675	j o	yo
Palaung-Kalaw	pce	fear/afraid	38		jaw	675	j a w	yaw
Palaung-Namhsan	pce	fear/afraid	38		jɔ	675	j ɔ	yo
Riang-Sak	ril	fear/afraid	38		ɗo¹	669	ɗ o	To
Wa-Praok	prk	fear/afraid	38		lʰat	667	lʰ a t	lh~at
Wa-Praok	prk	fear/afraid	38		rɛ̤m	670	r ɛ̤ m	rEm
Karii	pkt	fear/afraid	38		mlə̀	671	m l ə̀	ml3
Vietnamese	vie	fear/afraid	38		phạ	672	p h a	ph
Alak	alk	field (irrigated)	39		tʻalaː	679	tʻ a l aː	tala
Bahnar-Golar	bdq	field (irrigated)	39		cun	687	c u n	Tun
Bahnar-Kontum	bdq	field (irrigated)	39		miːr	693	m iː r	mir
Bahnar-Pleiku	bdq	field (irrigated)	39		miːr	693	m iː r	mir
Brao	brb	field (irrigated)	39		mɨːr	693	m ɨː r	m3r
Cua	cua	field (irrigated)	39		ɟiak	694	ɟ ia k	Ciak
Halang	hal	field (irrigated)	39		ɟi̤ək	694	ɟ i̤ə k	Ci3k
Jru-Laven	lbo	field (irrigated)	39		mɨər	693	m ɨə r	m33r
Mnong-Rölöm	mng	field (irrigated)	39		miːr	693	m iː r	mir
Nyaheun	nev	field (irrigated)	39		mɨən	693	m ɨə n	m33n
Sedang	sed	field (irrigated)	39		ciək	694	c iə k	Ti3k
Sre	kpm	field (irrigated)	39		sre	695	s r e	sre
Stieng	sti	field (irrigated)	39		srej	695	s r e j	srey
Bru-Talan	oog	field (irrigated)	39		cʰrɛː	695	cʰ r ɛː	Th~rE
In	irr	field (irrigated)	39		hərɛ̰ː	695	h ə r ɛ̰ː	h3rE
Katang	kgd	field (irrigated)	39		treː	695	t r eː	tre
Katu-AnDiem	ktv	field (irrigated)	39		harɛː	695	h a r ɛː	harE
Kui(Sriwises1978)	kdt	field (irrigated)	39		sɛː	695	s ɛː	sE
Kui(Huffman1979)	kdt	field (irrigated)	39		tʰrɛː	695	tʰ r ɛː	th~rE
Nge'	ngt	field (irrigated)	39		tallʌa	679	t a ll ʌa	talloa
Pacoh	pac	field (irrigated)	39		tɛah	696	t ɛa h	tEah
So-Khammouane	sss	field (irrigated)	39		təliːŋ	697	t ə l iː ŋ	t3liN
So-SakonNakhon	sss	field (irrigated)	39		təliːŋ	697	t ə l iː ŋ	t3liN
Souei-Saravan	kdt	field (irrigated)	39		srɛː	695	s r ɛː	srE
TaOi	tto	field (irrigated)	39		srɛː	695	s r ɛː	srE
Khasi	khi	field (irrigated)	39		hali	698	h a l i	hali
Pnar	pbv	field (irrigated)	39		halipata	698	hali pata	halipata
War-Lamin	aml	field (irrigated)	39		ləhi	698	l ə h i	l3hi
Khmer-Standard	khm	field (irrigated)	39		srae	695	s r ae	srae
Idu	tyh	field (irrigated)	39		tʰôŋʔiːbîn	699	tʰôŋ ʔiː bîn	th~oN7ibin
Bugan	bbh	field (irrigated)	39		tə̱³⁵	680	t ə̱	t3
Mon	mnw	field (irrigated)	39		ŋɛ̀ʔ	681	ŋ ɛ̀ ʔ	NE7
Gorum	pcj	field (irrigated)	39		lioŋ	683	l io ŋ	lioN
Kharia	khr	field (irrigated)	39		ɡɔˀɟˈlɔʔ	684	ɡ ɔˀ ɟ ˈl ɔ ʔ	goClo7
Kharia	khr	field (irrigated)	39		gõhɽa	685	g õ h ɽ a	gohra
Kharia	khr	field (irrigated)	39		aŋkaj	686	a ŋ k a j	aNkay
Santali	sat	field (irrigated)	39		ʈə̃ɖi	682	ʈ ə̃ ɖ i	t3di
Santali	sat	field (irrigated)	39		bəd	688	b ə d	b3d
Sora	srb	field (irrigated)	39		sʌrɔba	689	s ʌ r ɔ b a	soroba
Car	caq	field (irrigated)	39		panoʔɔː	690	pano ʔɔː	pano7o
Lawa(Ratanakul)	lcp	field (irrigated)	39		cʰɨk	694	cʰ ɨ k	Th~3k
ManMet	mml	field (irrigated)	39		kʰuŋ³⁵	691	kʰ u ŋ	kh~uN
Palaung-Dara'ang	pce	field (irrigated)	39		maːn	693	m aː n	man
Wa-Praok	prk	field (irrigated)	39		kaɯŋ	691	k aɯ ŋ	kauN
Karii	pkt	field (irrigated)	39		rɔːŋʔ	692	r ɔː ŋ ʔ	roN7
Ruc	scb	field (irrigated)	39		ruò̰ŋ	692	r u ò̰ ŋ	ruoN
Vietnamese	vie	field (irrigated)	39		ruộng	692	r u o n g	rung
Alak	alk	finger	41		raːs	721	r aː s	ras
Bahnar-Golar	bdq	finger	41		aŋlo	731	a ŋ l o	aNlo
Bahnar-Kontum	bdq	finger	41		aŋlo	731	a ŋ l o	aNlo
Bahnar-Pleiku	bdq	finger	41		aŋlo	731	a ŋ l o	aNlo
Brao	brb	finger	41		tɨrpuac	738	t ɨ r p ua c	t3rpuaT
Cua	cua	finger	41		lok	742	l o k	lok
Halang	hal	finger	41		hədrɛŋ	748	h ə d r ɛ ŋ	h3drEN
Jeh	jeh	finger	41		kəʔnɔːjti̤ː	749	kəʔnɔːj ti̤ː	k37noyti
Jru-Laven	lbo	finger	41		hpuac	738	h p ua c	hpuaT
Mnong-Rölöm	mng	finger	41		kuontiː	750	kuon tiː	kuonti
Nyaheun	nev	finger	41		ppuac	738	pp ua c	ppuaT
Rengao	ren	finger	41		hədiːŋ	747	h ə d iː ŋ	h3diN
Sedang	sed	finger	41		həʔra̰ŋ	748	h ə ʔ r a̰ ŋ	h37raN
Sre	kpm	finger	41		naw	731	n a w	naw
Stieng	sti	finger	41		law	731	l a w	law
Bru-Talan	oog	finger	41		kəɲcɛˀɛŋ	751	k ə ɲ c ɛˀɛ ŋ	k35TEEN
Bru-Ubon	bru	finger	41		rədɔːj	722	r ə d ɔː j	r3doy
In	irr	finger	41		ŋkɔŋˀ	723	ŋ k ɔ ŋˀ	NkoN
Katang	kgd	finger	41		kəldɔːj	722	k ə l d ɔː j	k3ldoy
Katu-AnDiem	ktv	finger	41		kadieŋ	747	k a d ie ŋ	kadieN
Katu-AnDiem	ktv	finger	41		kabrɑː	723	k a b r ɑː	kabra
Kui(Sriwises1978)	kdt	finger	41		tkɔm	724	t k ɔ m	tkom
Kui(Huffman1979)	kdt	finger	41		kədoaj	722	k ə d oa j	k3doay
Mankong	sss	finger	41		rədɑːj	722	r ə d ɑː j	r3day
Nge'	ngt	finger	41		ndɔːj	722	n d ɔː j	ndoy
Pacoh	pac	finger	41		tərrḭːh	725	t ə rr ḭː h	t3rrh
So-Khammouane	sss	finger	41		ʔadɑːj	722	ʔ a d ɑː j	7aday
So-SakonNakhon	sss	finger	41		kədɑːj	722	k ə d ɑː j	k3day
Souei-Saravan	kdt	finger	41		kədoːj	722	k ə d oː j	k3doy
TaOi	tto	finger	41		raːjtiː	726	raːj tiː	rayti
Khasi	khi	finger	41		ʃmpriahti	727	ʃmpriah ti	Smpriahti
Pnar	pbv	finger	41		pariamkti	728	pariam kti	pariamkti
War-Lamin	aml	finger	41		ʧənrɪəmta	728	ʧənrɪəm ta	C3nri3mta
Khmer-Surin	kxm	finger	41		mriːam	728	m r iːa m	mriam
Khmer-Standard	khm	finger	41		mriəmdəj	728	mriəm dəj	mri3md3y
Idu	tyh	finger	41		kujmṵ̂jtâ̤ːj	729	kujmṵ̂j tâ̤ːj	kuymytay
Khmu-Cuang	kjg	finger	41		crguːltiʔ	730	crguːl tiʔ	Trgulti7
Khmu-Yuan	kjg	finger	41		cŕkùːl	730	c r k uː l	Tkul
Mal-T'in	mlf	finger	41		ɲuah	732	ɲ ua h	5uah
Bugan	bbh	finger	41		ȵa¹³tie⁵⁵	733	ȵa¹³ tie⁵⁵	5atie
Mang	zng	finger	41		ʔaj²ʔeːŋ⁶	734	ʔaj² ʔeːŋ⁶	7ay7eN
Mon	mnw	finger	41		kənə̀ŋtoa	735	kənə̀ŋ toa	k3n3Ntoa
Nyahkur	cbn	finger	41		mpu̱ːç	736	m p u̱ː ç	mpuS
Gorum	pcj	finger	41		siʔ	737	s i ʔ	si7
Santali	sat	finger	41		kəʈup˺	739	k ə ʈ u p˺	k3tup
Sora	srb	finger	41		si	737	s i	si
Car	caq	finger	41		kunti	750	k u n t i	kunti
Nancowri	ncb	finger	41		kanetaj	750	k a n e t a j	kanetay
Lawa(Ratanakul)	lcp	finger	41		ʔɣɔɛh	740	ʔ ɣ ɔɛ h	7xoEh
ManMet	mml	finger	41		akʰɔn³¹tʰiʔ⁵³	750	a kʰɔn³¹ tʰiʔ⁵³	akh~onth~i7
Palaung-Dara'ang	pce	finger	41		kanu	741	ka nu	kanu
Palaung-Kalaw	pce	finger	41		kanuːɓok	741	ka nuː ɓok	kanupok
Palaung-Namhsan	pce	finger	41		rəngor	730	r ə n g o r	r3ngor
Riang-Sak	ril	finger	41		kuan¹tiʔ¹	750	kuan¹ tiʔ¹	kuanti7
Riang-Sak	ril	finger	41		rᵊnkuːl²	730	rᵊ n k uː l	rnkul
Wa-Praok	prk	finger	41		gian	743	g ia n	gian
Karii	pkt	finger	41		kudɔːjʔ	744	k u d ɔː j ʔ	kudoy7
Ruc	scb	finger	41		kuveːsiː	746	kuveː siː	kuvesi
Vietnamese	vie	finger	41		ngón	745	n g ó n	ngon
Alak	alk	five	44		pʻartʻam	778	pʻ a r tʻ a m	partam
Bahnar-Golar	bdq	five	44		pəɗam	778	p ə ɗ a m	p3Tam
Bahnar-Kontum	bdq	five	44		pəɗam	778	p ə ɗ a m	p3Tam
Bahnar-Pleiku	bdq	five	44		pəɗam	778	p ə ɗ a m	p3Tam
Cua	cua	five	44		paɗap	778	p a ɗ a p	paTap
Halang	hal	five	44		bədam	778	b ə d a m	b3dam
Jeh	jeh	five	44		pədam	778	p ə d a m	p3dam
Rengao	ren	five	44		pədam	778	p ə d a m	p3dam
Sedang	sed	five	44		pəta̰m	778	p ə t a̰ m	p3tam
Bru-Talan	oog	five	44		cʰə:ŋ	777	cʰ ə: ŋ	Th~3N
Bru-Ubon	bru	five	44		sɨːŋ	777	s ɨː ŋ	s3N
In	irr	five	44		sɔːŋ	777	s ɔː ŋ	soN
Katang	kgd	five	44		sɤːŋ	777	s ɤː ŋ	soN
Katu-AnDiem	ktv	five	44		sʌːŋ	777	s ʌː ŋ	soN
Kui(Sriwises1978)	kdt	five	44		sʌːŋ	777	s ʌː ŋ	soN
Kui(Huffman1979)	kdt	five	44		sɑːŋ	777	s ɑː ŋ	saN
Mankong	sss	five	44		səːŋ	777	s əː ŋ	s3N
Nge'	ngt	five	44		sʌːŋ	777	s ʌː ŋ	soN
Pacoh	pac	five	44		soːŋ	777	s oː ŋ	soN
So-Khammouane	sss	five	44		sɨːŋ	777	s ɨː ŋ	s3N
So-SakonNakhon	sss	five	44		sə:ŋ	777	s ə: ŋ	s3N
Souei-Saravan	kdt	five	44		səːŋ	777	s əː ŋ	s3N
TaOi	tto	five	44		sɔːŋ	777	s ɔː ŋ	soN
Khasi	khi	five	44		san	779	s a n	san
Pnar	pbv	five	44		san	779	s a n	san
War-Lamin	aml	five	44		ran	779	r a n	ran
Khmer-Surin	kxm	five	44		pram	778	p r a m	pram
Khmer-Standard	khm	five	44		pram	778	p r a m	pram
Idu	tyh	five	44		hànsɔ̂ːŋ	777	h à n s ɔ̂ː ŋ	hansoN
Bugan	bbh	five	44		mi³³	780	m i	mi
Mang	zng	five	44		han²	779	h a n	han
Mon	mnw	five	44		pəsɔn	779	p ə s ɔ n	p3son
Nyahkur	cbn	five	44		cʰúːn	779	cʰ úː n	Th~un
Gorum	pcj	five	44		monloj	781	m o n l o j	monloy
Kharia	khr	five	44		ˈmɔlɔe	781	ˈm ɔ l ɔe	moloe
Santali	sat	five	44		mõɳe	781	m õ ɳ e	mone
Sora	srb	five	44		mɔnlɔj	781	m ɔ n l ɔ j	monloy
Car	caq	five	44		tanɯj	782	t a n ɯ j	tanuy
Nancowri	ncb	five	44		tanaj	782	t a n a j	tanay
Lawa(Ratanakul)	lcp	five	44		pʰɔn	779	pʰ ɔ n	ph~on
ManMet	mml	five	44		ɕɛn⁵⁵	779	ɕ ɛ n	SEn
Palaung-Dara'ang	pce	five	44		mphan	779	m p h a n	mphan
Palaung-Kalaw	pce	five	44		pʰanɓok	779	pʰan ɓok	ph~anpok
Palaung-Namhsan	pce	five	44		pʰən	779	pʰ ə n	ph~3n
Riang-Sak	ril	five	44		kʰan¹	779	kʰ a n	kh~an
Wa-Praok	prk	five	44		pʰuan	779	pʰ ua n	ph~uan
Karii	pkt	five	44		dam	778	d a m	dam
Ruc	scb	five	44		dam	778	d a m	dam
Vietnamese	vie	five	44		năm	778	n ă m	nm
Alak	alk	flesh/meat	45		sac	783	s a c	saT
Bahnar-Golar	bdq	flesh/meat	45		ʔɲɛm	783	ʔ ɲ ɛ m	75Em
Bahnar-Kontum	bdq	flesh/meat	45		sɛc	783	s ɛ c	sET
Bahnar-Pleiku	bdq	flesh/meat	45		ʔɲɛm	783	ʔ ɲ ɛ m	75Em
Bahnar-Pleiku	bdq	flesh/meat	45		sɛc	783	s ɛ c	sET
Brao	brb	flesh/meat	45		maːt	797	m aː t	mat
Cua	cua	flesh/meat	45		hlɛc	783	h l ɛ c	hlET
Halang	hal	flesh/meat	45		ro̤ʔ	802	r o̤ ʔ	ro7
Jeh	jeh	flesh/meat	45		te̤ːh	804	t e̤ː h	teh
Jru-Laven	lbo	flesh/meat	45		traw	805	t r a w	traw
Mnong-Rölöm	mng	flesh/meat	45		law	807	l a w	law
Mnong-Rölöm	mng	flesh/meat	45		puoc	784	p uo c	puoT
Mnong-Rölöm	mng	flesh/meat	45		ciciː	785	c i c iː	TiTi
Nyaheun	nev	flesh/meat	45		maːt	797	m aː t	mat
Rengao	ren	flesh/meat	45		həʔni̤h	786	h ə ʔ n i̤ h	h37nih
Rengao	ren	flesh/meat	45		ɟam	787	ɟ a m	Cam
Sedang	sed	flesh/meat	45		ca̰m	787	c a̰ m	Tam
Sedang	sed	flesh/meat	45		mam	790	m a m	mam
Sedang	sed	flesh/meat	45		se	783	s e	se
Sre	kpm	flesh/meat	45		poac	784	p oa c	poaT
Stieng	sti	flesh/meat	45		paːj	806	p aː j	pay
Bru-Talan	oog	flesh/meat	45		cʰɛc	783	cʰ ɛ c	Th~ET
Bru-Ubon	bru	flesh/meat	45		sac	783	s a c	saT
In	irr	flesh/meat	45		sɛt	783	s ɛ t	sEt
Katang	kgd	flesh/meat	45		sajʔ	783	s a j ʔ	say7
Katu-AnDiem	ktv	flesh/meat	45		ʔaɗah	788	ʔ a ɗ a h	7aTah
Katu-AnDiem	ktv	flesh/meat	45		mbɑːc	789	m b ɑː c	mbaT
Kui(Sriwises1978)	kdt	flesh/meat	45		sac	783	s a c	saT
Kui(Huffman1979)	kdt	flesh/meat	45		sac	783	s a c	saT
Mankong	sss	flesh/meat	45		sajʔ	783	s a j ʔ	say7
Nge'	ngt	flesh/meat	45		sac	783	s a c	saT
Pacoh	pac	flesh/meat	45		séc	783	s é c	seT
So-Khammouane	sss	flesh/meat	45		sac	783	s a c	saT
So-SakonNakhon	sss	flesh/meat	45		sɛt	783	s ɛ t	sEt
Souei-Saravan	kdt	flesh/meat	45		bac	789	b a c	baT
TaOi	tto	flesh/meat	45		sɛc	783	s ɛ c	sET
Khasi	khi	flesh/meat	45		dɔʔ	791	d ɔ ʔ	do7
War-Lamin	aml	flesh/meat	45		dɒʔ	791	d ɒ ʔ	do7
Khmer-Surin	kxm	flesh/meat	45		sac	783	s a c	saT
Khmer-Standard	khm	flesh/meat	45		sac	783	s a c	saT
Idu	tyh	flesh/meat	45		sɛ̤̂w	792	s ɛ̤̂ w	sEw
Khmu-Cuang	kjg	flesh/meat	45		ʔah	793	ʔ a h	7ah
Khmu-Yuan	kjg	flesh/meat	45		ʔàh	793	ʔ à h	7ah
Mal-T'in	mlf	flesh/meat	45		sec	783	s e c	seT
Bugan	bbh	flesh/meat	45		ɕɔ̱³⁵	792	ɕ ɔ̱	So
Mon	mnw	flesh/meat	45		pʰjun	794	pʰ j u n	ph~yun
Nyahkur	cbn	flesh/meat	45		cʰəwáːʔ	795	cʰ ə w áː ʔ	Th~3wa7
Gorum	pcj	flesh/meat	45		sisiˀd	796	s i s iˀ d	sisid
Kharia	khr	flesh/meat	45		ɟelu	796	ɟ e l u	Celu
Kharia	khr	flesh/meat	45		komaŋ	798	k o m a ŋ	komaN
Santali	sat	flesh/meat	45		ɟil	796	ɟ i l	Cil
Sora	srb	flesh/meat	45		ɟɛlu	796	ɟ ɛ l u	CElu
Car	caq	flesh/meat	45		ʔalaha	799	ʔ a l a h a	7alaha
Nancowri	ncb	flesh/meat	45		ãːhə	799	ãː h ə	ah3
Lawa(Ratanakul)	lcp	flesh/meat	45		neʔ	800	n e ʔ	ne7
ManMet	mml	flesh/meat	45		nɛʔ⁵³	800	n ɛ ʔ	nE7
Palaung-Dara'ang	pce	flesh/meat	45		jăŋ	801	j ă ŋ	yN
Palaung-Kalaw	pce	flesh/meat	45		jaŋ	801	j a ŋ	yaN
Palaung-Namhsan	pce	flesh/meat	45		jəŋ	801	j ə ŋ	y3N
Riang-Sak	ril	flesh/meat	45		jɤŋ²	801	j ɤ ŋ	yoN
Wa-Praok	prk	flesh/meat	45		ne̤ʔ	800	n e̤ ʔ	ne7
Karii	pkt	flesh/meat	45		sìːt	803	s ìː t	sit
Ruc	scb	flesh/meat	45		sit⁸	803	s i t	sit
Vietnamese	vie	flesh/meat	45		thịt	803	t h j t	tht
Alak	alk	foot	47		cʻɨŋ	828	cʻ ɨ ŋ	T3N
Bahnar-Golar	bdq	foot	47		kəpaːjɟəŋ	828	kəpaːj ɟəŋ	k3payC3N
Bahnar-Kontum	bdq	foot	47		kəpaːjɟəŋ	828	kəpaːj ɟəŋ	k3payC3N
Bahnar-Pleiku	bdq	foot	47		kəpaːjɟəŋ	828	kəpaːj ɟəŋ	k3payC3N
Brao	brb	foot	47		ɟɨŋ	828	ɟ ɨ ŋ	C3N
Cua	cua	foot	47		plaːɟoːk	828	plaː ɟoːk	plaCok
Halang	hal	foot	47		kəgaŋɟo̤ːŋ	828	kəgaŋ ɟo̤ːŋ	k3gaNCoN
Jeh	jeh	foot	47		ɟo̤ːŋ	828	ɟ o̤ː ŋ	CoN
Jru-Laven	lbo	foot	47		ɟɨŋ	828	ɟ ɨ ŋ	C3N
Mnong-Rölöm	mng	foot	47		paːŋɟɔːŋ	828	paːŋ ɟɔːŋ	paNCoN
Nyaheun	nev	foot	47		ɟiŋ	828	ɟ i ŋ	CiN
Rengao	ren	foot	47		ɟe̤ːŋ	828	ɟ e̤ː ŋ	CeN
Sedang	sed	foot	47		ceəŋ	828	c eə ŋ	Te3N
Sre	kpm	foot	47		ɟəŋ	828	ɟ ə ŋ	C3N
Stieng	sti	foot	47		ɟəŋ	828	ɟ ə ŋ	C3N
Bru-Talan	oog	foot	47		jɨːŋ	828	j ɨː ŋ	y3N
Bru-Ubon	bru	foot	47		ʔaːjɨːŋ	828	ʔ aː j ɨː ŋ	7ay3N
In	irr	foot	47		jɨːŋ	828	j ɨː ŋ	y3N
Katang	kgd	foot	47		ʔajɤːŋ	828	ʔ a j ɤː ŋ	7ayoN
Katu-AnDiem	ktv	foot	47		juŋ	828	j u ŋ	yuN
Kui(Sriwises1978)	kdt	foot	47		juŋ	828	j u ŋ	yuN
Kui(Huffman1979)	kdt	foot	47		jɨːŋ	828	j ɨː ŋ	y3N
Mankong	sss	foot	47		ʔajəːŋ	828	ʔ a j əː ŋ	7ay3N
Nge'	ngt	foot	47		ɟuŋ	828	ɟ u ŋ	CuN
Pacoh	pac	foot	47		ʄɨːŋ	828	ʄ ɨː ŋ	C3N
So-Khammouane	sss	foot	47		jɨːŋ	828	j ɨː ŋ	y3N
So-SakonNakhon	sss	foot	47		jɨːŋ	828	j ɨː ŋ	y3N
Souei-Saravan	kdt	foot	47		jɨŋ	828	j ɨ ŋ	y3N
TaOi	tto	foot	47		jɨːŋ	828	j ɨː ŋ	y3N
Khasi	khi	foot	47		kɟat	829	k ɟ a t	kCat
Pnar	pbv	foot	47		slakdʒat	829	sla kdʒat	slakdZat
War-Lamin	aml	foot	47		nɪa	830	n ɪa	nia
Khmer-Surin	kxm	foot	47		ʨɤːŋ	828	ʨ ɤː ŋ	CoN
Khmer-Standard	khm	foot	47		cɤ̀ːŋ	828	c ɤ̀ː ŋ	ToN
Idu	tyh	foot	47		hancâ̰ŋ	828	h a n c â̰ ŋ	hanTaN
Khmu-Cuang	kjg	foot	47		krwɛh	831	k r w ɛ h	krwEh
Khmu-Yuan	kjg	foot	47		cɨ̀aŋ	828	c ɨ̀a ŋ	T3aN
Mal-T'in	mlf	foot	47		cəŋ	828	c ə ŋ	T3N
Bugan	bbh	foot	47		ʑuŋ³¹	828	ʑ u ŋ	ZuN
Mang	zng	foot	47		cuaŋ⁴	828	c ua ŋ	TuaN
Mon	mnw	foot	47		càŋ	828	c à ŋ	TaN
Nyahkur	cbn	foot	47		cʰṳŋ	828	cʰ ṳ ŋ	Th~N
Gorum	pcj	foot	47		zḭŋ	828	z ḭ ŋ	zN
Kharia	khr	foot	47		ˈsuplikɑʈɑ	832	ˈs u p l i k ɑ ʈ ɑ	suplikata
Santali	sat	foot	47		ɟãga	828	ɟ ã g a	Caga
Sora	srb	foot	47		ɟʔeŋ	828	ɟ ʔ e ŋ	C7eN
Car	caq	foot	47		ɾan	833	ɾ a n	ran
Nancowri	ncb	foot	47		lah	826	l a h	lah
Lawa(Ratanakul)	lcp	foot	47		cʰuəŋ	828	cʰ uə ŋ	Th~u3N
ManMet	mml	foot	47		ʨeŋ³¹	828	ʨ e ŋ	CeN
Palaung-Dara'ang	pce	foot	47		plɔ	827	p l ɔ	plo
Palaung-Dara'ang	pce	foot	47		ceɲ	828	c e ɲ	Te5
Palaung-Kalaw	pce	foot	47		plɔː	827	p l ɔː	plo
Palaung-Namhsan	pce	foot	47		ɟɯŋ	828	ɟ ɯ ŋ	CuN
Riang-Sak	ril	foot	47		tjɔːŋ²	828	t j ɔː ŋ	tyoN
Wa-Praok	prk	foot	47		tɕa̤ɔŋ	828	t ɕ a̤ɔ ŋ	tSaoN
Karii	pkt	foot	47		cìːŋ	828	c ìː ŋ	TiN
Ruc	scb	foot	47		ciːŋ²	828	c iː ŋ	TiN
Vietnamese	vie	foot	47		chân	825	c h â n	Than
Alak	alk	four	48		poːn	834	p oː n	pon
Bahnar-Golar	bdq	four	48		pwan	834	p w a n	pwan
Bahnar-Kontum	bdq	four	48		pwan	834	p w a n	pwan
Bahnar-Pleiku	bdq	four	48		pwan	834	p w a n	pwan
Brao	brb	four	48		puan	834	p ua n	puan
Cua	cua	four	48		pɔːt	834	p ɔː t	pot
Halang	hal	four	48		puan	834	p ua n	puan
Jeh	jeh	four	48		puan	834	p ua n	puan
Jru-Laven	lbo	four	48		puan	834	p ua n	puan
Mnong-Rölöm	mng	four	48		puon	834	p uo n	puon
Nyaheun	nev	four	48		puan	834	p ua n	puan
Rengao	ren	four	48		puːn	834	p uː n	pun
Sedang	sed	four	48		pṵn	834	p ṵ n	pn
Sre	kpm	four	48		puan	834	p ua n	puan
Stieng	sti	four	48		puon	834	p uo n	puon
Bru-Talan	oog	four	48		puˀan	834	p uˀa n	puan
Bru-Ubon	bru	four	48		pʉːn	834	p ʉː n	p3n
In	irr	four	48		pua̰n	834	p ua̰ n	puan
Katang	kgd	four	48		pʊːn	834	p ʊː n	pun
Katu-AnDiem	ktv	four	48		puon	834	p uo n	puon
Kui(Sriwises1978)	kdt	four	48		pɔːn	834	p ɔː n	pon
Kui(Huffman1979)	kdt	four	48		pɑːn	834	p ɑː n	pan
Mankong	sss	four	48		poːn	834	p oː n	pon
Nge'	ngt	four	48		puan	834	p ua n	puan
Pacoh	pac	four	48		pɔan	834	p ɔa n	poan
So-Khammouane	sss	four	48		puːn	834	p uː n	pun
So-SakonNakhon	sss	four	48		pu:n	834	p u: n	pun
Souei-Saravan	kdt	four	48		poːn	834	p oː n	pon
TaOi	tto	four	48		puan	834	p ua n	puan
Khasi	khi	four	48		saw	835	s a w	saw
Pnar	pbv	four	48		saw	835	s a w	saw
War-Lamin	aml	four	48		ria	835	r ia	ria
Khmer-Surin	kxm	four	48		bʊːn	834	b ʊː n	bun
Khmer-Standard	khm	four	48		buən	834	b uə n	bu3n
Idu	tyh	four	48		hampâṉ	834	h a m p â n	hampa
Khmu-Cuang	kjg	four	48		puən	834	p uə n	pu3n
Mal-T'in	mlf	four	48		pʰoːn	834	pʰ oː n	ph~on
Bugan	bbh	four	48		pau³³	834	p au	pau
Mang	zng	four	48		puːn²	834	p uː n	pun
Mon	mnw	four	48		pɔn	834	p ɔ n	pon
Nyahkur	cbn	four	48		pán	834	p á n	pan
Gorum	pcj	four	48		ungi	836	u n g i	ungi
Kharia	khr	four	48		ˈiʔpɔn	834	ˈi ʔ p ɔ n	i7pon
Santali	sat	four	48		pun	834	p u n	pun
Sora	srb	four	48		unɟi	836	u n ɟ i	unCi
Car	caq	four	48		fɛːn	834	f ɛː n	fEn
Nancowri	ncb	four	48		foːən	834	f oːə n	fo3n
Lawa(Ratanakul)	lcp	four	48		paon	834	p ao n	paon
ManMet	mml	four	48		pʰon³¹	834	pʰ o n	ph~on
Palaung-Dara'ang	pce	four	48		mphuan	834	m p h ua n	mphuan
Palaung-Kalaw	pce	four	48		pʰuaŋɓok	834	pʰuaŋ ɓok	ph~uaNpok
Palaung-Namhsan	pce	four	48		pʰon	834	pʰ o n	ph~on
Riang-Sak	ril	four	48		kᵊpun¹	834	kᵊ p u n	kpun
Wa-Praok	prk	four	48		pon	834	p o n	pon
Karii	pkt	four	48		poːnʔ	834	p oː n ʔ	pon7
Ruc	scb	four	48		poːn³	834	p oː n	pon
Vietnamese	vie	four	48		bốn	834	b o n	bn
Alak	alk	fruit	50		palaj	858	p a l a j	palay
Bahnar-Golar	bdq	fruit	50		plɛːj	858	p l ɛː j	plEy
Bahnar-Kontum	bdq	fruit	50		plɛːj	858	p l ɛː j	plEy
Bahnar-Pleiku	bdq	fruit	50		plɛːj	858	p l ɛː j	plEy
Brao	brb	fruit	50		plaj	858	p l a j	play
Cua	cua	fruit	50		plaj	858	p l a j	play
Halang	hal	fruit	50		plaj	858	p l a j	play
Jeh	jeh	fruit	50		plaj	858	p l a j	play
Jru-Laven	lbo	fruit	50		plaj	858	p l a j	play
Mnong-Rölöm	mng	fruit	50		plɛː	858	p l ɛː	plE
Nyaheun	nev	fruit	50		pleː	858	p l eː	ple
Rengao	ren	fruit	50		pli̤ː	858	p l i̤ː	pli
Sedang	sed	fruit	50		plaj	858	p l a j	play
Sre	kpm	fruit	50		plaj	858	p l a j	play
Stieng	sti	fruit	50		plaj	858	p l a j	play
Bru-Talan	oog	fruit	50		kəlaːj	858	k ə l aː j	k3lay
Bru-Ubon	bru	fruit	50		pəlaj	858	p ə l a j	p3lay
In	irr	fruit	50		kəlaj	858	k ə l a j	k3lay
Katang	kgd	fruit	50		pəlaj	858	p ə l a j	p3lay
Katu-AnDiem	ktv	fruit	50		palɛː	858	p a l ɛː	palE
Kui(Sriwises1978)	kdt	fruit	50		plaj	858	p l a j	play
Kui(Huffman1979)	kdt	fruit	50		plaj	858	p l a j	play
Mankong	sss	fruit	50		pəlaj	858	p ə l a j	p3lay
Nge'	ngt	fruit	50		kalaj	858	k a l a j	kalay
Pacoh	pac	fruit	50		kulaj	858	k u l a j	kulay
So-Khammouane	sss	fruit	50		pəlaj	858	p ə l a j	p3lay
So-SakonNakhon	sss	fruit	50		pəlaj	858	p ə l a j	p3lay
Souei-Saravan	kdt	fruit	50		pəlaj	858	p ə l a j	p3lay
TaOi	tto	fruit	50		kəlaj	858	k ə l a j	k3lay
Khasi	khi	fruit	50		sɔʔ	859	s ɔ ʔ	so7
Pnar	pbv	fruit	50		sɔʔ	859	s ɔ ʔ	so7
War-Lamin	aml	fruit	50		sɒʔ	859	s ɒ ʔ	so7
Khmer-Surin	kxm	fruit	50		pʰlɛː	858	pʰ l ɛː	ph~lE
Khmer-Standard	khm	fruit	50		plae	858	p l ae	plae
Idu	tyh	fruit	50		plâ̤ːnaʔô̰ːŋ	858	plâ̤ː naʔô̰ːŋ	plana7oN
Khmu-Cuang	kjg	fruit	50		pleʔ	858	p l e ʔ	ple7
Khmu-Yuan	kjg	fruit	50		pléʔ	858	p l é ʔ	ple7
Mal-T'in	mlf	fruit	50		pʰlɛʔ	858	pʰ l ɛ ʔ	ph~lE7
Bugan	bbh	fruit	50		pʦɛ̱³³	858	p ʦ ɛ̱	pcE
Mang	zng	fruit	50		pløː¹	858	p l øː	ple
Mon	mnw	fruit	50		sɔt	860	s ɔ t	sot
Nyahkur	cbn	fruit	50		cʰɛ́c	860	cʰ ɛ́ c	Th~ET
Gorum	pcj	fruit	50		zoʔ	861	z o ʔ	zo7
Kharia	khr	fruit	50		luku	862	l u k u	luku
Santali	sat	fruit	50		ɟo	861	ɟ o	Co
Sora	srb	fruit	50		ɟʔɔ	861	ɟ ʔ ɔ	C7o
Car	caq	fruit	50		ɾɔŋcoːn	863	ɾɔŋ coːn	roNTon
Nancowri	ncb	fruit	50		juaŋta	863	j ua ŋ t a	yuaNta
Lawa(Ratanakul)	lcp	fruit	50		pləiʔ	858	p l əi ʔ	pl3i7
ManMet	mml	fruit	50		pʰeʔ⁵³	858	pʰ e ʔ	ph~e7
Palaung-Dara'ang	pce	fruit	50		ble	858	b l e	ble
Palaung-Kalaw	pce	fruit	50		ɓləjhəj	858	ɓləj həj	pl3yh3y
Palaung-Namhsan	pce	fruit	50		ple	858	p l e	ple
Riang-Sak	ril	fruit	50		plɛʔ¹	858	p l ɛ ʔ	plE7
Wa-Praok	prk	fruit	50		pliʔ	858	p l i ʔ	pli7
Karii	pkt	fruit	50		puleːʔ	858	p u l eː ʔ	pule7
Ruc	scb	fruit	50		pəliː³	858	p ə l iː	p3li
Vietnamese	vie	fruit	50		trái	858	t r ái	trai
Alak	alk	hand	56		tiː	951	t iː	ti
Bahnar-Golar	bdq	hand	56		təpaːjtiː	951	təpaːj tiː	t3payti
Bahnar-Kontum	bdq	hand	56		kəpaːjtiː	951	kəpaːj tiː	k3payti
Bahnar-Pleiku	bdq	hand	56		təpaːjtiː	951	təpaːj tiː	t3payti
Brao	brb	hand	56		tiː	951	t iː	ti
Cua	cua	hand	56		tiː	951	t iː	ti
Halang	hal	hand	56		ti̤ː	951	t i̤ː	ti
Jeh	jeh	hand	56		ti̤ː	951	t i̤ː	ti
Jru-Laven	lbo	hand	56		təj	951	t ə j	t3y
Mnong-Rölöm	mng	hand	56		tiː	951	t iː	ti
Nyaheun	nev	hand	56		tiː	951	t iː	ti
Rengao	ren	hand	56		ti̤ː	951	t i̤ː	ti
Sedang	sed	hand	56		taj	951	t a j	tay
Sre	kpm	hand	56		te	951	t e	te
Stieng	sti	hand	56		tiː	951	t iː	ti
Bru-Talan	oog	hand	56		tiː	951	t iː	ti
Bru-Ubon	bru	hand	56		ʔatiː	951	ʔ a t iː	7ati
In	irr	hand	56		tiː	951	t iː	ti
Katang	kgd	hand	56		ʔatɪː	951	ʔ a t ɪː	7ati
Katu-AnDiem	ktv	hand	56		tʌj	951	t ʌ j	toy
Kui(Sriwises1978)	kdt	hand	56		teː	951	t eː	te
Kui(Huffman1979)	kdt	hand	56		tʌj	951	t ʌ j	toy
Mankong	sss	hand	56		ʔatiː	951	ʔ a t iː	7ati
Nge'	ngt	hand	56		taj	951	t a j	tay
Pacoh	pac	hand	56		ʔətiː	951	ʔ ə t iː	73ti
So-Khammouane	sss	hand	56		ʔati̤ː	951	ʔ a t i̤ː	7ati
So-SakonNakhon	sss	hand	56		ʔati̤ː	951	ʔ a t i̤ː	7ati
Souei-Saravan	kdt	hand	56		tiː	951	t iː	ti
TaOi	tto	hand	56		tiː	951	t iː	ti
Khasi	khi	hand	56		kti	951	k t i	kti
Pnar	pbv	hand	56		kti	951	k t i	kti
War-Lamin	aml	hand	56		ta	951	t a	ta
Khmer-Surin	kxm	hand	56		daj	951	d a j	day
Khmer-Standard	khm	hand	56		dəj	951	d ə j	d3y
Idu	tyh	hand	56		tâ̤ːj	951	t â̤ː j	tay
Khmu-Cuang	kjg	hand	56		tiʔ	951	t i ʔ	ti7
Khmu-Yuan	kjg	hand	56		tíʔ	951	t í ʔ	ti7
Mal-T'in	mlf	hand	56		tʰiː	951	tʰ iː	th~i
Bugan	bbh	hand	56		tie⁵⁵	951	t ie	tie
Mang	zng	hand	56		ʔeːŋ⁶	952	ʔ eː ŋ	7eN
Mon	mnw	hand	56		toa	951	t oa	toa
Nyahkur	cbn	hand	56		tɛ́j	951	t ɛ́ j	tEy
Gorum	pcj	hand	56		siʔ	953	s i ʔ	si7
Kharia	khr	hand	56		tiʔ	951	t i ʔ	ti7
Santali	sat	hand	56		ti	951	t i	ti
Sora	srb	hand	56		sʔi	953	s ʔ i	s7i
Car	caq	hand	56		tiː	951	t iː	ti
Nancowri	ncb	hand	56		taj	951	t a j	tay
Lawa(Ratanakul)	lcp	hand	56		teʔ	951	t e ʔ	te7
ManMet	mml	hand	56		tʰiʔ⁵³	951	tʰ i ʔ	th~i7
Palaung-Dara'ang	pce	hand	56		dε	951	d ε	d
Palaung-Kalaw	pce	hand	56		ɗɛː	951	ɗ ɛː	TE
Palaung-Namhsan	pce	hand	56		ti	951	t i	ti
Riang-Sak	ril	hand	56		tiʔ¹	951	t i ʔ	ti7
Wa-Praok	prk	hand	56		taiʔ	951	t ai ʔ	tai7
Karii	pkt	hand	56		siː	953	s iː	si
Ruc	scb	hand	56		siː¹	953	s iː	si
Vietnamese	vie	hand	56		tay	953	t ay	tai
Alak	alk	head	57		kʻɨː	957	kʻ ɨː	k3
Bahnar-Golar	bdq	head	57		kəl	957	k ə l	k3l
Bahnar-Kontum	bdq	head	57		kəl	957	k ə l	k3l
Bahnar-Pleiku	bdq	head	57		kəl	957	k ə l	k3l
Brao	brb	head	57		tuːx	960	t uː x	tux
Cua	cua	head	57		gɨl	957	g ɨ l	g3l
Halang	hal	head	57		kəːl	957	k əː l	k3l
Jeh	jeh	head	57		ka̤l	957	k a̤ l	kal
Jru-Laven	lbo	head	57		tuːs	960	t uː s	tus
Mnong-Rölöm	mng	head	57		boːk	961	b oː k	bok
Nyaheun	nev	head	57		tujh	960	t u j h	tuyh
Rengao	ren	head	57		gə̤l	957	g ə̤ l	g3l
Sedang	sed	head	57		kɔ	957	k ɔ	ko
Sre	kpm	head	57		bou	961	b ou	bou
Stieng	sti	head	57		boːk	961	b oː k	bok
Stieng	sti	head	57		kəl	957	k ə l	k3l
Bru-Talan	oog	head	57		plɔː	962	p l ɔː	plo
Bru-Ubon	bru	head	57		pləː	962	p l əː	pl3
In	irr	head	57		plɔː	962	p l ɔː	plo
Katang	kgd	head	57		pləː	962	p l əː	pl3
Katu-AnDiem	ktv	head	57		ʔəkɔʔ	963	ʔ ə k ɔ ʔ	73ko7
Kui(Sriwises1978)	kdt	head	57		plɑː	962	p l ɑː	pla
Kui(Huffman1979)	kdt	head	57		plaː	962	p l aː	pla
Mankong	sss	head	57		plʌː	962	p l ʌː	plo
Nge'	ngt	head	57		pləː	962	p l əː	pl3
Pacoh	pac	head	57		ploː	962	p l oː	plo
So-Khammouane	sss	head	57		plʌː	962	p l ʌː	plo
So-SakonNakhon	sss	head	57		pləː	962	p l əː	pl3
Souei-Saravan	kdt	head	57		pləː	962	p l əː	pl3
TaOi	tto	head	57		plɔː	962	p l ɔː	plo
Khasi	khi	head	57		kʰleʔ	964	kʰ l e ʔ	kh~le7
Pnar	pbv	head	57		kʰleiʔ	964	kʰ l ei ʔ	kh~lei7
War-Lamin	aml	head	57		kʰlɪa	964	kʰ l ɪa	kh~lia
Khmer-Surin	kxm	head	57		kbaːl	965	k b aː l	kbal
Khmer-Standard	khm	head	57		kbaːl	965	k b aː l	kbal
Idu	tyh	head	57		glâ̤j	964	g l â̤ j	glay
Khmu-Cuang	kjg	head	57		kmpoŋ	966	k m p o ŋ	kmpoN
Khmu-Yuan	kjg	head	57		km̀póŋ	966	k m̀ p ó ŋ	kmpoN
Mal-T'in	mlf	head	57		klɨʔ	964	k l ɨ ʔ	kl37
Bugan	bbh	head	57		pə̱⁵⁵bop³¹	961	pə̱⁵⁵ bop³¹	p3bop
Bugan	bbh	head	57		pə̱⁵⁵bou³¹	961	pə̱⁵⁵ bou³¹	p3bou
Mang	zng	head	57		cɯŋ¹lɔː¹	955	cɯŋ¹ lɔː¹	TuNlo
Mon	mnw	head	57		dɑp	956	d ɑ p	dap
Nyahkur	cbn	head	57		kədəp	956	k ə d ə p	k3d3p
Gorum	pcj	head	57		baˀb	961	b aˀ b	bab
Kharia	khr	head	57		bɔʔ	961	b ɔ ʔ	bo7
Santali	sat	head	57		bohoʔ	961	b o h o ʔ	boho7
Sora	srb	head	57		bʔɔb	961	b ʔ ɔ b	b7ob
Car	caq	head	57		kuj	954	k u j	kuy
Nancowri	ncb	head	57		kuj	954	k u j	kuy
Lawa(Ratanakul)	lcp	head	57		kaɨɲ	958	k aɨ ɲ	ka35
ManMet	mml	head	57		kʰiŋ⁵⁵	958	kʰ i ŋ	kh~iN
Palaung-Dara'ang	pce	head	57		giɲ	958	g i ɲ	gi5
Palaung-Kalaw	pce	head	57		gin	958	g i n	gin
Palaung-Namhsan	pce	head	57		kiŋ	958	k i ŋ	kiN
Riang-Sak	ril	head	57		kiːŋ¹	958	k iː ŋ	kiN
Wa-Praok	prk	head	57		kaɲ	958	k a ɲ	ka5
Karii	pkt	head	57		kulɔ̀k	959	k u l ɔ̀ k	kulok
Ruc	scb	head	57		kulòk⁸	959	k u l ò k	kulok
Alak	alk	horn	60		ŋkaj	1017	ŋ k a j	Nkay
Bahnar-Golar	bdq	horn	60		həkɛː	1017	h ə k ɛː	h3kE
Bahnar-Kontum	bdq	horn	60		ʔakɛː	1017	ʔ a k ɛː	7akE
Bahnar-Pleiku	bdq	horn	60		ʔakɛː	1017	ʔ a k ɛː	7akE
Cua	cua	horn	60		ʔakeː	1017	ʔ a k eː	7ake
Halang	hal	horn	60		həkɛː	1017	h ə k ɛː	h3kE
Mnong-Rölöm	mng	horn	60		kaːj	1017	k aː j	kay
Sedang	sed	horn	60		ka̰j	1017	k a̰ j	kay
Sre	kpm	horn	60		ŋke	1017	ŋ k e	Nke
Stieng	sti	horn	60		ŋke	1017	ŋ k e	Nke
Bru-Talan	oog	horn	60		təŋᵏɔ̤ːj	1018	t ə ŋᵏ ɔ̤ː j	t3Noy
Bru-Ubon	bru	horn	60		takɔːj	1018	t a k ɔː j	takoy
In	irr	horn	60		təŋkɔ̰ːj	1018	t ə ŋ k ɔ̰ː j	t3Nkoy
Katang	kgd	horn	60		təkɔːj	1018	t ə k ɔː j	t3koy
Katu-AnDiem	ktv	horn	60		tagʌj	1018	t a g ʌ j	tagoy
Kui(Sriwises1978)	kdt	horn	60		takɑːj	1018	t a k ɑː j	takay
Kui(Huffman1979)	kdt	horn	60		tekaːj	1018	t e k aː j	tekay
Mankong	sss	horn	60		təkɑːj	1018	t ə k ɑː j	t3kay
Nge'	ngt	horn	60		taŋkɔːj	1018	t a ŋ k ɔː j	taNkoy
Pacoh	pac	horn	60		təŋkɔːj	1018	t ə ŋ k ɔː j	t3Nkoy
So-Khammouane	sss	horn	60		təkɑːj	1018	t ə k ɑː j	t3kay
So-SakonNakhon	sss	horn	60		təkɑːj	1018	t ə k ɑː j	t3kay
Souei-Saravan	kdt	horn	60		təkɔːj	1018	t ə k ɔː j	t3koy
TaOi	tto	horn	60		təŋkɔːj	1018	t ə ŋ k ɔː j	t3Nkoy
Khasi	khi	horn	60		rɛŋ	1019	r ɛ ŋ	rEN
Pnar	pbv	horn	60		rɛɲ	1019	r ɛ ɲ	rE5
War-Lamin	aml	horn	60		reŋ	1019	r e ŋ	reN
Khmer-Surin	kxm	horn	60		snɛːɲ	1016	s n ɛː ɲ	snE5
Khmer-Standard	khm	horn	60		snaeŋ	1016	s n ae ŋ	snaeN
Idu	tyh	horn	60		gàtɔ̰̂ːŋ	1020	g à t ɔ̰̂ː ŋ	gatoN
Khmu-Cuang	kjg	horn	60		cndrɨŋ	1019	c n d r ɨ ŋ	Tndr3N
Khmu-Yuan	kjg	horn	60		cńtrɨ̀am	1021	c ń t r ɨ̀a m	Tntr3am
Mal-T'in	mlf	horn	60		ŋgjaŋ	1019	ŋ g j a ŋ	NgyaN
Mang	zng	horn	60		ʔaː¹	1022	ʔ aː	7a
Mon	mnw	horn	60		krèaŋ	1019	k r èa ŋ	kreaN
Nyahkur	cbn	horn	60		tʰràŋ	1019	tʰ r à ŋ	th~raN
Gorum	pcj	horn	60		ɖaraŋ	1019	ɖ a r a ŋ	daraN
Kharia	khr	horn	60		ɖɛˈrɛŋ	1019	ɖ ɛ ˈr ɛ ŋ	dErEN
Santali	sat	horn	60		dereɲ	1019	d e r e ɲ	dere5
Sora	srb	horn	60		dereŋ	1019	d e r e ŋ	dereN
Car	caq	horn	60		sinroːl	1013	s i n r oː l	sinrol
Nancowri	ncb	horn	60		hentɔp	1013	h e n t ɔ p	hentop
Lawa(Ratanakul)	lcp	horn	60		ʔɣəoŋ	1019	ʔ ɣ əo ŋ	7x3oN
ManMet	mml	horn	60		kɤŋ⁵⁵	1019	k ɤ ŋ	koN
Palaung-Dara'ang	pce	horn	60		nɨŋ	1014	n ɨ ŋ	n3N
Palaung-Kalaw	pce	horn	60		nɯk	1014	n ɯ k	nuk
Palaung-Namhsan	pce	horn	60		nuŋ	1014	n u ŋ	nuN
Riang-Sak	ril	horn	60		rɤŋ²	1019	r ɤ ŋ	roN
Wa-Praok	prk	horn	60		ruŋ	1019	r u ŋ	ruN
Karii	pkt	horn	60		takɔːj	1018	t a k ɔː j	takoy
Ruc	scb	horn	60		kʰləŋ²	1015	kʰ l ə ŋ	kh~l3N
Vietnamese	vie	horn	60		sừng	1015	s u n g	sng
Alak	alk	hot/warm	61		toʔ	1044	t o ʔ	to7
Bahnar-Golar	bdq	hot/warm	61		tɔʔ	1044	t ɔ ʔ	to7
Bahnar-Kontum	bdq	hot/warm	61		tɔʔ	1044	t ɔ ʔ	to7
Bahnar-Pleiku	bdq	hot/warm	61		tɔʔ	1044	t ɔ ʔ	to7
Brao	brb	hot/warm	61		duʔ	1044	d u ʔ	du7
Cua	cua	hot/warm	61		toʔ	1044	t o ʔ	to7
Halang	hal	hot/warm	61		tuʔ	1044	t u ʔ	tu7
Jeh	jeh	hot/warm	61		tuʔ	1044	t u ʔ	tu7
Jru-Laven	lbo	hot/warm	61		ʔtoʔ	1044	ʔ t o ʔ	7to7
Mnong-Rölöm	mng	hot/warm	61		doh	1049	d o h	doh
Nyaheun	nev	hot/warm	61		doʔ	1044	d o ʔ	do7
Rengao	ren	hot/warm	61		tuʔ	1044	t u ʔ	tu7
Sedang	sed	hot/warm	61		to	1044	t o	to
Sre	kpm	hot/warm	61		duh	1049	d u h	duh
Sre	kpm	hot/warm	61		ram	1052	r a m	ram
Stieng	sti	hot/warm	61		doh	1049	d o h	doh
Bru-Talan	oog	hot/warm	61		toʔ	1044	t o ʔ	to7
In	irr	hot/warm	61		toʔ	1044	t o ʔ	to7
Katu-AnDiem	ktv	hot/warm	61		ŋan	1023	ŋ a n	Nan
Katu-AnDiem	ktv	hot/warm	61		pɨjh	1050	p ɨ j h	p3yh
Kui(Sriwises1978)	kdt	hot/warm	61		səʔam	1024	s ə ʔ a m	s37am
Nge'	ngt	hot/warm	61		toʔ	1044	t o ʔ	to7
TaOi	tto	hot/warm	61		toʔ	1044	t o ʔ	to7
Khasi	khi	hot/warm	61		sʔaːc	1025	s ʔ aː c	s7aT
Pnar	pbv	hot/warm	61		ʧit	1026	ʧ i t	Cit
War-Lamin	aml	hot/warm	61		dɒt	1027	d ɒ t	dot
Khmer-Surin	kxm	hot/warm	61		kdaw	1044	k d a w	kdaw
Khmer-Standard	khm	hot/warm	61		kdaw	1044	k d a w	kdaw
Idu	tyh	hot/warm	61		púʔ	1028	p ú ʔ	pu7
Khmu-Cuang	kjg	hot/warm	61		hʔɨm	1024	h ʔ ɨ m	h73m
Khmu-Cuang	kjg	hot/warm	61		waːr	1029	w aː r	war
Khmu-Yuan	kjg	hot/warm	61		wàːr	1029	w àː r	war
Mal-T'in	mlf	hot/warm	61		ʔɔh	1030	ʔ ɔ h	7oh
Mal-T'in	mlf	hot/warm	61		jɔːn	1031	j ɔː n	yon
Bugan	bbh	hot/warm	61		ʔa̱m³¹	1024	ʔ a̱ m	7am
Mang	zng	hot/warm	61		ɗit⁷	1032	ɗ i t	Tit
Mon	mnw	hot/warm	61		kataɔ	1044	k a t aɔ	katao
Nyahkur	cbn	hot/warm	61		kətáw	1044	k ə t á w	k3taw
Gorum	pcj	hot/warm	61		balbal	1034	b a l b a l	balbal
Gorum	pcj	hot/warm	61		jḛn	1035	j ḛ n	yn
Kharia	khr	hot/warm	61		lɔˀblɔˀb	1036	l ɔˀ b l ɔˀ b	loblob
Kharia	khr	hot/warm	61		uˈrum	1037	u ˈr u m	urum
Santali	sat	hot/warm	61		lolo	1038	l o l o	lolo
Sora	srb	hot/warm	61		tʌɡe	1033	t ʌ ɡ e	toge
Sora	srb	hot/warm	61		paɲúm	1039	p a ɲ ú m	pa5um
Car	caq	hot/warm	61		ɾaːc	1040	ɾ aː c	raT
Nancowri	ncb	hot/warm	61		taɲ	1051	t a ɲ	ta5
Nancowri	ncb	hot/warm	61		ʔoj	1041	ʔ o j	7oy
Lawa(Ratanakul)	lcp	hot/warm	61		ʔop	1043	ʔ o p	7op
ManMet	mml	hot/warm	61		ɤm³⁵	1024	ɤ m	om
Palaung-Dara'ang	pce	hot/warm	61		sɔdaɁ	1042	s ɔ d a Ɂ	soda7
Palaung-Kalaw	pce	hot/warm	61		kahuaʔ	1043	ka huaʔ	kahua7
Palaung-Namhsan	pce	hot/warm	61		tat	1045	t a t	tat
Riang-Sak	ril	hot/warm	61		sᵊʔɤm¹	1024	sᵊ ʔ ɤ m	s7om
Wa-Praok	prk	hot/warm	61		sʔaɔh	1046	s ʔ aɔ h	s7aoh
Karii	pkt	hot/warm	61		paːt	1048	p aː t	pat
Karii	pkt	hot/warm	61		tʔɨ̀mʔ	1024	t ʔ ɨ̀ m ʔ	t73m7
Ruc	scb	hot/warm	61		tɨ́ːl	1048	t ɨ́ː l	t3l
Vietnamese	vie	hot/warm	61		ấm	1024	a m	m
Vietnamese	vie	hot/warm	61		nóng	1047	n ó n g	nong
Alak	alk	leech (land)	67		pləːm	1113	p l əː m	pl3m
Bahnar-Golar	bdq	leech (land)	67		pləːm	1113	p l əː m	pl3m
Bahnar-Kontum	bdq	leech (land)	67		pləːm	1113	p l əː m	pl3m
Bahnar-Pleiku	bdq	leech (land)	67		pləːm	1113	p l əː m	pl3m
Brao	brb	leech (land)	67		pləːm	1113	p l əː m	pl3m
Cua	cua	leech (land)	67		pləːp	1113	p l əː p	pl3p
Halang	hal	leech (land)	67		ple̤ːm	1113	p l e̤ː m	plem
Jeh	jeh	leech (land)	67		ple̤ːm	1113	p l e̤ː m	plem
Jru-Laven	lbo	leech (land)	67		plʌːm	1113	p l ʌː m	plom
Mnong-Rölöm	mng	leech (land)	67		pləːm	1113	p l əː m	pl3m
Nyaheun	nev	leech (land)	67		plɐːm	1113	p l ɐː m	plam
Rengao	ren	leech (land)	67		ple̤ːm	1113	p l e̤ː m	plem
Sedang	sed	leech (land)	67		pliəm	1113	p l iə m	pli3m
Sre	kpm	leech (land)	67		plɔm	1113	p l ɔ m	plom
Stieng	sti	leech (land)	67		pləːm	1113	p l əː m	pl3m
Bru-Talan	oog	leech (land)	67		plɔːm	1113	p l ɔː m	plom
Bru-Ubon	bru	leech (land)	67		pləːm	1113	p l əː m	pl3m
In	irr	leech (land)	67		plɔːm	1113	p l ɔː m	plom
Katang	kgd	leech (land)	67		pləːm	1113	p l əː m	pl3m
Katu-AnDiem	ktv	leech (land)	67		plʌːm	1113	p l ʌː m	plom
Mankong	sss	leech (land)	67		plʌːm	1113	p l ʌː m	plom
Nge'	ngt	leech (land)	67		plɛːm	1113	p l ɛː m	plEm
Pacoh	pac	leech (land)	67		ploːm	1113	p l oː m	plom
So-Khammouane	sss	leech (land)	67		plʌːm	1113	p l ʌː m	plom
Souei-Saravan	kdt	leech (land)	67		pləːm	1113	p l əː m	pl3m
TaOi	tto	leech (land)	67		plɔːm	1113	p l ɔː m	plom
Khasi	khi	leech (land)	67		tʰliem	1113	tʰ l ie m	th~liem
Pnar	pbv	leech (land)	67		lm̩bnaŋ	1119	l m̩ b n a ŋ	lmbnaN
War-Lamin	aml	leech (land)	67		ləndaŋ	1119	l ə n d a ŋ	l3ndaN
Khmer-Standard	khm	leech (land)	67		tiəʔ	1120	t iə ʔ	ti37
Idu	tyh	leech (land)	67		batâ̤j	1120	b a t â̤ j	batay
Khmu-Cuang	kjg	leech (land)	67		plɨəm	1113	p l ɨə m	pl33m
Khmu-Yuan	kjg	leech (land)	67		plɨam	1113	p l ɨa m	pl3am
Mal-T'in	mlf	leech (land)	67		pʰjɔːm	1113	pʰ j ɔː m	ph~yom
Bugan	bbh	leech (land)	67		bi̱o̱u̱55	1121	b i̱o̱u̱	biou
Mang	zng	leech (land)	67		pluam⁶	1113	p l ua m	pluam
Mon	mnw	leech (land)	67		klɔm	1113	k l ɔ m	klom
Nyahkur	cbn	leech (land)	67		kʰlám	1113	kʰ l á m	kh~lam
Gorum	pcj	leech (land)	67		ili	1122	i l i	ili
Gorum	pcj	leech (land)	67		ilim	1122	i l i m	ilim
Kharia	khr	leech (land)	67		ɟõk	1114	ɟ õ k	Cok
Kharia	khr	leech (land)	67		ɲelwa	1115	ɲ e l w a	5elwa
Sora	srb	leech (land)	67		ilim	1122	i l i m	ilim
Car	caq	leech (land)	67		tamap	1116	t a m a p	tamap
Nancowri	ncb	leech (land)	67		heləm	1113	h e l ə m	hel3m
Lawa(Ratanakul)	lcp	leech (land)	67		plaom	1113	p l ao m	plaom
ManMet	mml	leech (land)	67		apʰem³¹	1113	a pʰem³¹	aph~em
Palaung-Dara'ang	pce	leech (land)	67		mabləːm	1113	ma bləːm	mabl3m
Palaung-Kalaw	pce	leech (land)	67		maɓləːŋ	1113	ma ɓləːŋ	mapl3N
Palaung-Namhsan	pce	leech (land)	67		plɯm	1113	p l ɯ m	plum
Riang-Sak	ril	leech (land)	67		tɛk¹	1117	t ɛ k	tEk
Wa-Praok	prk	leech (land)	67		blɔm	1113	b l ɔ m	blom
Karii	pkt	leech (land)	67		pleːm	1113	p l eː m	plem
Ruc	scb	leech (land)	67		pliːm	1113	p l iː m	plim
Vietnamese	vie	leech (land)	67		conđỉa	1118	con đỉa	TonDa
Alak	alk	liver	70		kləːm	1153	k l əː m	kl3m
Bahnar-Golar	bdq	liver	70		kləːm	1153	k l əː m	kl3m
Bahnar-Kontum	bdq	liver	70		kləːm	1153	k l əː m	kl3m
Bahnar-Pleiku	bdq	liver	70		kləːm	1153	k l əː m	kl3m
Brao	brb	liver	70		kləːm	1153	k l əː m	kl3m
Cua	cua	liver	70		pləːp	1153	p l əː p	pl3p
Halang	hal	liver	70		kle̤ːm	1153	k l e̤ː m	klem
Jeh	jeh	liver	70		kle̤ːm	1153	k l e̤ː m	klem
Jru-Laven	lbo	liver	70		klʌːm	1153	k l ʌː m	klom
Mnong-Rölöm	mng	liver	70		tləːm	1153	t l əː m	tl3m
Nyaheun	nev	liver	70		klʌːm	1153	k l ʌː m	klom
Rengao	ren	liver	70		kle̤ːm	1153	k l e̤ː m	klem
Sedang	sed	liver	70		klìam	1153	k l ì a m	kliam
Sre	kpm	liver	70		kləːm	1153	k l əː m	kl3m
Stieng	sti	liver	70		kləːm	1153	k l əː m	kl3m
Bru-Talan	oog	liver	70		lɔˀɔm	1154	l ɔˀɔ m	loom
Bru-Ubon	bru	liver	70		luəm	1154	l uə m	lu3m
In	irr	liver	70		lɔ̰ːm	1154	l ɔ̰ː m	lom
Katang	kgd	liver	70		luːam	1154	l uːa m	luam
Katu-AnDiem	ktv	liver	70		lɑːm	1154	l ɑː m	lam
Kui(Sriwises1978)	kdt	liver	70		lùam	1154	l u a m	luam
Kui(Huffman1979)	kdt	liver	70		lo̤am	1154	l o̤a m	loam
Mankong	sss	liver	70		lṳam	1154	l ṳa m	lam
Nge'	ngt	liver	70		lɔːm	1154	l ɔː m	lom
Pacoh	pac	liver	70		lɔːm	1154	l ɔː m	lom
So-Khammouane	sss	liver	70		loa̤m	1154	l oa̤ m	loam
So-SakonNakhon	sss	liver	70		lo̤am	1154	l o̤a m	loam
Souei-Saravan	kdt	liver	70		lɔːm	1154	l ɔː m	lom
TaOi	tto	liver	70		lɔːm	1154	l ɔː m	lom
Khasi	khi	liver	70		dɔʔnoːt	1155	d ɔ ʔ n oː t	do7not
Pnar	pbv	liver	70		noːd	1155	n oː d	nod
War-Lamin	aml	liver	70		ktʰim	1156	k tʰ i m	kth~im
Khmer-Surin	kxm	liver	70		tʰlʌːm	1153	tʰ l ʌː m	th~lom
Khmer-Standard	khm	liver	70		tʰlaəm	1153	tʰ l aə m	th~la3m
Idu	tyh	liver	70		lûːm	1154	l u m	lm
Khmu-Cuang	kjg	liver	70		tlɔːmrɔŋ	1154	tlɔːm rɔŋ	tlomroN
Khmu-Yuan	kjg	liver	70		tlɔ́ːm	1154	t l ɔ́ː m	tlom
Mal-T'in	mlf	liver	70		luam	1154	l ua m	luam
Bugan	bbh	liver	70		bou³¹	1157	b ou	bou
Mang	zng	liver	70		tɔː⁴	1158	t ɔː	to
Mon	mnw	liver	70		krə̀h	1151	k r ə̀ h	kr3h
Nyahkur	cbn	liver	70		kʰrìh	1151	kʰ r ì h	kh~rih
Gorum	pcj	liver	70		gare	1151	g a r e	gare
Kharia	khr	liver	70		ɡɔˈrɛ	1151	ɡ ɔ ˈr ɛ	gorE
Sora	srb	liver	70		ɡʌrɛ	1151	ɡ ʌ r ɛ	gorE
Car	caq	liver	70		ʔalip	1152	ʔ a l i p	7alip
Lawa(Ratanakul)	lcp	liver	70		tom	1156	t o m	tom
ManMet	mml	liver	70		tʰɔm³¹	1156	tʰ ɔ m	th~om
Palaung-Dara'ang	pce	liver	70		kadom	1156	k a d o m	kadom
Palaung-Kalaw	pce	liver	70		kaɗuːŋ	1156	ka ɗuːŋ	kaTuN
Palaung-Namhsan	pce	liver	70		kərtɔm	1156	k ə r t ɔ m	k3rtom
Riang-Sak	ril	liver	70		kᵊtuam¹	1156	kᵊ t ua m	ktuam
Wa-Praok	prk	liver	70		tɔm	1156	t ɔ m	tom
Karii	pkt	liver	70		lɔ̀ːm	1154	l ɔ̀ː m	lom
Ruc	scb	liver	70		loɔ̀m²	1154	l oɔ̀ m	loom
Alak	alk	long	71		cʻroːŋ	1167	cʻ r oː ŋ	TroN
Bahnar-Golar	bdq	long	71		kəɟuːŋ	1183	k ə ɟ uː ŋ	k3CuN
Bahnar-Kontum	bdq	long	71		kəɟuːŋ	1183	k ə ɟ uː ŋ	k3CuN
Bahnar-Pleiku	bdq	long	71		kəɟuːŋ	1183	k ə ɟ uː ŋ	k3CuN
Brao	brb	long	71		goh	1184	g o h	goh
Cua	cua	long	71		kiːl	1185	k iː l	kil
Cua	cua	long	71		jəːt	1159	j əː t	y3t
Halang	hal	long	71		ʔɲe̤ʔ	1160	ʔ ɲ e̤ ʔ	750000000
Jeh	jeh	long	71		pro̤ːç	1161	p r o̤ː ç	proS
Jru-Laven	lbo	long	71		ʔgoh	1184	ʔ g o h	7goh
Mnong-Rölöm	mng	long	71		nuːr	1162	n uː r	nur
Mnong-Rölöm	mng	long	71		toːj	1163	t oː j	toy
Nyaheun	nev	long	71		goh	1184	g o h	goh
Rengao	ren	long	71		rənɔh	1164	r ə n ɔ h	r3noh
Sedang	sed	long	71		tḛ	1165	t ḛ	t
Sedang	sed	long	71		sɔ̰n	1166	s ɔ̰ n	son
Sre	kpm	long	71		ɟɔŋ	1183	ɟ ɔ ŋ	CoN
Stieng	sti	long	71		ɟɔːŋ	1183	ɟ ɔː ŋ	CoN
Bru-Talan	oog	long	71		kəjɨːŋ	1183	k ə j ɨː ŋ	k3y3N
Bru-Ubon	bru	long	71		ti̤ː	1165	t i̤ː	ti
In	irr	long	71		kəjɨːŋ	1183	k ə j ɨː ŋ	k3y3N
Katang	kgd	long	71		kəjɨːŋ	1183	k ə j ɨː ŋ	k3y3N
Katu-AnDiem	ktv	long	71		jaːl	1168	j aː l	yal
Katu-AnDiem	ktv	long	71		ʔabluːc	1169	ʔ a b l uː c	7abluT
Kui(Sriwises1978)	kdt	long	71		ntʰrɨ̀ːŋ	1167	n tʰ r ɨ̀ː ŋ	nth~r3N
Kui(Huffman1979)	kdt	long	71		ntrɨ̤ːŋ	1167	n t r ɨ̤ː ŋ	ntr3N
Mankong	sss	long	71		kuti̤ː	1165	k u t i̤ː	kuti
Nge'	ngt	long	71		cuŋ	1183	c u ŋ	TuN
Pacoh	pac	long	71		tɔːjʔ	1163	t ɔː j ʔ	toy7
So-Khammouane	sss	long	71		kuti̤ː	1165	k u t i̤ː	kuti
So-SakonNakhon	sss	long	71		kuti̤ː	1165	k u t i̤ː	kuti
Souei-Saravan	kdt	long	71		tʽɨːŋ	1170	tʽ ɨː ŋ	t3N
TaOi	tto	long	71		kəjɨːŋ	1183	k ə j ɨː ŋ	k3y3N
Khasi	khi	long	71		ʤrɔŋ	1167	ʤ r ɔ ŋ	jroN
Pnar	pbv	long	71		ʤrɔŋ	1167	ʤ r ɔ ŋ	jroN
War-Lamin	aml	long	71		kərɒŋ	1167	k ə r ɒ ŋ	k3roN
Khmer-Surin	kxm	long	71		weːɲ	1171	w eː ɲ	we5
Khmer-Standard	khm	long	71		wɛːŋ	1171	w ɛː ŋ	wEN
Idu	tyh	long	71		lâ̤ŋ	1172	l â̤ ŋ	laN
Khmu-Cuang	kjg	long	71		waːŋ	1171	w aː ŋ	waN
Khmu-Yuan	kjg	long	71		wàːŋ	1171	w àː ŋ	waN
Mal-T'in	mlf	long	71		cuah	1173	c ua h	Tuah
Bugan	bbh	long	71		ʑo³³	1174	ʑ o	Zo
Mang	zng	long	71		liːŋ³	1175	l iː ŋ	liN
Mon	mnw	long	71		kliŋ	1175	k l i ŋ	kliN
Nyahkur	cbn	long	71		kʰlìːɲ	1175	kʰ l ìː ɲ	kh~li5
Gorum	pcj	long	71		ɖuŋk	1177	ɖ u ŋ k	duNk
Kharia	khr	long	71		ɟɛlɔˀb	1176	ɟ ɛ l ɔˀ b	CElob
Santali	sat	long	71		ɟiliɲ	1175	ɟ i l i ɲ	Cili5
Sora	srb	long	71		ɟʌle	1176	ɟ ʌ l e	Cole
Car	caq	long	71		maɾɔta	1178	m a ɾ ɔ t a	marota
Nancowri	ncb	long	71		caliŋ	1175	c a l i ŋ	TaliN
Lawa(Ratanakul)	lcp	long	71		ʔlaŋ	1172	ʔ l a ŋ	7laN
ManMet	mml	long	71		lan³¹	1182	l a n	lan
Palaung-Dara'ang	pce	long	71		toŋ	1180	t o ŋ	toN
Palaung-Kalaw	pce	long	71		mtok	1180	m tok	mtok
Palaung-Namhsan	pce	long	71		hlɯŋ	1172	h l ɯ ŋ	hluN
Riang-Sak	ril	long	71		han¹	1181	h a n	han
Wa-Praok	prk	long	71		laŋ	1172	l a ŋ	laN
Karii	pkt	long	71		jàːr	1179	j àː r	yar
Ruc	scb	long	71		jəal²	1179	j əa l	y3al
Vietnamese	vie	long	71		dài	1179	d à i	dai
Alak	alk	man (male human)	73		koːɲ	1198	k oː ɲ	ko5
Bahnar-Golar	bdq	man (male human)	73		drɔʔŋlɔː	1215	d r ɔ ʔ ŋ l ɔː	dro7Nlo
Bahnar-Golar	bdq	man (male human)	73		tənɔː	1216	t ə n ɔː	t3no
Bahnar-Kontum	bdq	man (male human)	73		drɔʔŋlɔː	1215	d r ɔ ʔ ŋ l ɔː	dro7Nlo
Bahnar-Pleiku	bdq	man (male human)	73		drɔʔŋlɔː	1215	d r ɔ ʔ ŋ l ɔː	dro7Nlo
Bahnar-Pleiku	bdq	man (male human)	73		tənɔː	1216	t ə n ɔː	t3no
Brao	brb	man (male human)	73		klɑː	1217	k l ɑː	kla
Cua	cua	man (male human)	73		kanaw	1216	k a n a w	kanaw
Halang	hal	man (male human)	73		bunkəloː	1217	bun kəloː	bunk3lo
Jeh	jeh	man (male human)	73		klɔw	1217	k l ɔ w	klow
Jru-Laven	lbo	man (male human)	73		klɔː	1217	k l ɔː	klo
Mnong-Rölöm	mng	man (male human)	73		kləw	1217	k l ə w	kl3w
Nyaheun	nev	man (male human)	73		nnuih	1218	nn ui h	nnuih
Nyaheun	nev	man (male human)	73		ʔmɛːklɔː	1217	ʔmɛː klɔː	7mEklo
Nyaheun	nev	man (male human)	73		troih	1190	t r oi h	troih
Nyaheun	nev	man (male human)	73		priaŋ	1191	p r ia ŋ	priaN
Rengao	ren	man (male human)	73		kədraŋ	1192	k ə d r a ŋ	k3draN
Sedang	sed	man (male human)	73		kəno̰w	1216	k ə n o̰ w	k3now
Sedang	sed	man (male human)	73		kədraŋ	1192	k ə d r a ŋ	k3draN
Sre	kpm	man (male human)	73		klaw	1217	k l a w	klaw
Sre	kpm	man (male human)	73		dam	1193	d a m	dam
Stieng	sti	man (male human)	73		klaw	1217	k l a w	klaw
Bru-Talan	oog	man (male human)	73		koːɲ	1198	k oː ɲ	ko5
Bru-Ubon	bru	man (male human)	73		troːs	1190	t r oː s	tros
In	irr	man (male human)	73		kṵjkoːn	1198	kṵj koːn	kykon
In	irr	man (male human)	73		təŋka̰ːh	1194	t ə ŋ k a̰ː h	t3Nkah
Katang	kgd	man (male human)	73		kʊːn	1198	k ʊː n	kun
Katu-AnDiem	ktv	man (male human)	73		kajiːk	1195	k a j iː k	kayik
Kui(Sriwises1978)	kdt	man (male human)	73		tʰo̤ːl	1196	tʰ o̤ː l	th~ol
Kui(Huffman1979)	kdt	man (male human)	73		kuəjntrṳh	1190	kuəj ntrṳh	ku3yntrh
Mankong	sss	man (male human)	73		pərluəʔ	1197	p ə r l uə ʔ	p3rlu37
Nge'	ngt	man (male human)	73		koːɲ	1198	k oː ɲ	ko5
Pacoh	pac	man (male human)	73		kṵːɲ	1198	k ṵː ɲ	k5
So-Khammouane	sss	man (male human)	73		rəkɑŋ	1198	r ə k ɑ ŋ	r3kaN
So-SakonNakhon	sss	man (male human)	73		rəkɑŋ	1198	r ə k ɑ ŋ	r3kaN
Souei-Saravan	kdt	man (male human)	73		pʽəluaʔ	1197	pʽ ə l ua ʔ	p3lua7
Souei-Saravan	kdt	man (male human)	73		koːɲ	1198	k oː ɲ	ko5
TaOi	tto	man (male human)	73		koːɲ	1198	k oː ɲ	ko5
Khasi	khi	man (male human)	73		ʃnraŋ	1192	ʃ n r a ŋ	SnraN
Pnar	pbv	man (male human)	73		bru	1199	b r u	bru
War-Lamin	aml	man (male human)	73		tərma	1200	t ə r m a	t3rma
Khmer-Surin	kxm	man (male human)	73		prɔh	1201	p r ɔ h	proh
Khmer-Standard	khm	man (male human)	73		proh	1201	p r o h	proh
Idu	tyh	man (male human)	73		jɔ̰̂ːŋ	1202	j ɔ̰̂ː ŋ	yoN
Khmu-Cuang	kjg	man (male human)	73		cmbrɔʔ	1199	c m b r ɔ ʔ	Tmbro7
Khmu-Yuan	kjg	man (male human)	73		cḿrɔ̀ʔ	1199	c m r ɔ̀ ʔ	Tro7
Mal-T'in	mlf	man (male human)	73		kʰlɔŋ	1203	kʰ l ɔ ŋ	kh~loN
Mal-T'in	mlf	man (male human)	73		laŋ	1204	l a ŋ	laN
Bugan	bbh	man (male human)	73		pə⁵⁵pau⁵⁵	1205	p ə p au	p3pau
Bugan	bbh	man (male human)	73		pau⁵⁵	1205	p au	pau
Mang	zng	man (male human)	73		ʔɔn⁶	1206	ʔ ɔ n	7on
Mang	zng	man (male human)	73		mɔː⁶ʔɔːn¹cyː¹	1206	mɔː⁶ ʔɔːn¹ cyː¹	mo7onTi
Mon	mnw	man (male human)	73		kraoh	1190	k r ao h	kraoh
Nyahkur	cbn	man (male human)	73		tujtrúːç	1190	t u j t r úː ç	tuytruS
Gorum	pcj	man (male human)	73		terom	1209	t e r o m	terom
Gorum	pcj	man (male human)	73		lok	1207	l o k	lok
Kharia	khr	man (male human)	73		lebu	1210	l e b u	lebu
Santali	sat	man (male human)	73		boda	1208	b o d a	boda
Sora	srb	man (male human)	73		ˈoŋɡeːr	1211	ˈo ŋ ɡ eː r	oNger
Car	caq	man (male human)	73		kikoːɲə	1198	k i k oː ɲ ə	kiko53
Nancowri	ncb	man (male human)	73		ʔenkɔɲa	1198	ʔ e n k ɔ ɲ a	7enko5a
Lawa(Ratanakul)	lcp	man (male human)	73		ləmeʔ	1213	l ə m e ʔ	l3me7
ManMet	mml	man (male human)	73		kʰun³⁵	1198	kʰ u n	kh~un
Palaung-Dara'ang	pce	man (male human)	73		ʔimaːj	1213	ʔi maːj	7imay
Palaung-Kalaw	pce	man (male human)	73		goemaːe	1213	goe maːe	goemae
Palaung-Namhsan	pce	man (male human)	73		ime	1213	i m e	ime
Riang-Sak	ril	man (male human)	73		kᵊrmeʔ²	1213	kᵊ r m e ʔ	krme7
Wa-Praok	prk	man (male human)	73		simi̤ʔ	1213	si mi̤ʔ	simi7
Karii	pkt	man (male human)	73		dikuːɲʔ	1198	d i k uː ɲ ʔ	diku57
Ruc	scb	man (male human)	73		tɨ̀ːk	1212	t ɨ̀ː k	t3k
Vietnamese	vie	man (male human)	73		đànông	1214	đàn ông	Danong
Alak	alk	monkey/ape	76		məːw	1299	m əː w	m3w
Bahnar-Golar	bdq	monkey/ape	76		ɗɔk	1294	ɗ ɔ k	Tok
Bahnar-Kontum	bdq	monkey/ape	76		ɗɔk	1294	ɗ ɔ k	Tok
Bahnar-Pleiku	bdq	monkey/ape	76		ɗɔk	1294	ɗ ɔ k	Tok
Brao	brb	monkey/ape	76		niw	1300	n i w	niw
Cua	cua	monkey/ape	76		dʌk	1294	d ʌ k	dok
Cua	cua	monkey/ape	76		ʔoːtalok	1297	ʔoː talok	7otalok
Halang	hal	monkey/ape	76		dɔk	1294	d ɔ k	dok
Jeh	jeh	monkey/ape	76		dɔk	1294	d ɔ k	dok
Jru-Laven	lbo	monkey/ape	76		ŋoːk	1298	ŋ oː k	Nok
Mnong-Rölöm	mng	monkey/ape	76		doːk	1294	d oː k	dok
Nyaheun	nev	monkey/ape	76		niw	1300	n i w	niw
Rengao	ren	monkey/ape	76		dɔk	1294	d ɔ k	dok
Sedang	sed	monkey/ape	76		tɔ	1294	t ɔ	to
Sre	kpm	monkey/ape	76		dou	1294	d ou	dou
Stieng	sti	monkey/ape	76		doːk	1294	d oː k	dok
Bru-Talan	oog	monkey/ape	76		ɲoˀol	1302	ɲ oˀo l	5ool
Bru-Ubon	bru	monkey/ape	76		təmi̤r	1301	t ə m i̤ r	t3mir
In	irr	monkey/ape	76		təmər	1301	t ə m ə r	t3m3r
Katang	kgd	monkey/ape	76		təmir	1301	t ə m i r	t3mir
Katu-AnDiem	ktv	monkey/ape	76		wɔːk	1303	w ɔː k	wok
Katu-AnDiem	ktv	monkey/ape	76		bɔːt	1278	b ɔː t	bot
Kui(Sriwises1978)	kdt	monkey/ape	76		wùaʔ	1303	w u a ʔ	wua7
Kui(Huffman1979)	kdt	monkey/ape	76		to̤ːc	1279	t o̤ː c	toT
Mankong	sss	monkey/ape	76		təmi̤r	1301	t ə m i̤ r	t3mir
Nge'	ngt	monkey/ape	76		təmər	1301	t ə m ə r	t3m3r
Pacoh	pac	monkey/ape	76		ʔaɗɯ̰as	1280	ʔ a ɗ ɯ̰a s	7aTuas
Pacoh	pac	monkey/ape	76		ʔalas	1281	ʔ a l a s	7alas
So-Khammouane	sss	monkey/ape	76		kuəɲ	1282	k uə ɲ	ku35
So-SakonNakhon	sss	monkey/ape	76		təmɨ̤r	1301	t ə m ɨ̤ r	t3m3r
So-SakonNakhon	sss	monkey/ape	76		wɑk	1303	w ɑ k	wak
Souei-Saravan	kdt	monkey/ape	76		təmil	1301	t ə m i l	t3mil
TaOi	tto	monkey/ape	76		təmər	1301	t ə m ə r	t3m3r
Khasi	khi	monkey/ape	76		ʃrieʔ	1283	ʃ r ie ʔ	Srie7
Pnar	pbv	monkey/ape	76		ʧreʲʔ	1283	ʧ r eʲ ʔ	Crey~7
War-Lamin	aml	monkey/ape	76		ʧrɪəʔ	1283	ʧ r ɪə ʔ	Cri37
Khmer-Surin	kxm	monkey/ape	76		swaː	1284	s w aː	swa
Khmer-Standard	khm	monkey/ape	76		svaː	1284	s v aː	sva
Idu	tyh	monkey/ape	76		ʋâ̰ː	1284	ʋ â̰ː	wa
Khmu-Cuang	kjg	monkey/ape	76		ʰwaʔ	1284	ʰw a ʔ	h~wa7
Khmu-Yuan	kjg	monkey/ape	76		wáʔ	1284	w á ʔ	wa7
Mal-T'in	mlf	monkey/ape	76		seːɰ	1285	s eː ɰ	sew
Mal-T'in	mlf	monkey/ape	76		meŋklaːj	1286	m e ŋ k l aː j	meNklay
Bugan	bbh	monkey/ape	76		xou⁵⁵	1288	x ou	xou
Mang	zng	monkey/ape	76		ʔuj²	1289	ʔ u j	7uy
Mon	mnw	monkey/ape	76		nɑe	1290	n ɑe	nae
Nyahkur	cbn	monkey/ape	76		hnúːj	1290	h n úː j	hnuy
Kharia	khr	monkey/ape	76		sakoj	1291	s a k o j	sakoy
Kharia	khr	monkey/ape	76		bandar	1292	b a n d a r	bandar
Car	caq	monkey/ape	76		ʔəɲci	1292	ʔ ə ɲ c i	735Ti
Nancowri	ncb	monkey/ape	76		duẽ	1293	d uẽ	due
Nancowri	ncb	monkey/ape	76		ken	1282	k e n	ken
Lawa(Ratanakul)	lcp	monkey/ape	76		fɨəʔ	1284	f ɨə ʔ	f337
ManMet	mml	monkey/ape	76		făʔ⁵³	1284	f ă ʔ	f7
Palaung-Dara'ang	pce	monkey/ape	76		mafa	1284	m a f a	mafa
Palaung-Kalaw	pce	monkey/ape	76		mafɯːaʔ	1284	ma fɯːaʔ	mafua7
Palaung-Namhsan	pce	monkey/ape	76		hva	1284	h v a	hva
Riang-Sak	ril	monkey/ape	76		waʔ¹	1284	w a ʔ	wa7
Wa-Praok	prk	monkey/ape	76		ra̤ɔkʰaɔʔ	1295	ra̤ɔ kʰaɔʔ	raokh~ao7
Wa-Praok	prk	monkey/ape	76		vʰaʔ	1284	vʰ a ʔ	vh~a7
Ruc	scb	monkey/ape	76		moɔ̀m⁴	1287	m oɔ̀ m	moom
Vietnamese	vie	monkey/ape	76		khi	1296	k h i	khi
Alak	alk	moon	77		kahaj	1311	k a h a j	kahay
Bahnar-Golar	bdq	moon	77		kʰɛːj	1311	kʰ ɛː j	kh~Ey
Bahnar-Kontum	bdq	moon	77		kʰɛːj	1311	kʰ ɛː j	kh~Ey
Bahnar-Pleiku	bdq	moon	77		kʰɛːj	1311	kʰ ɛː j	kh~Ey
Brao	brb	moon	77		kʰaj	1311	kʰ a j	kh~ay
Cua	cua	moon	77		siak	1316	s ia k	siak
Halang	hal	moon	77		kʰaj	1311	kʰ a j	kh~ay
Jeh	jeh	moon	77		kʰɛːj	1311	kʰ ɛː j	kh~Ey
Jru-Laven	lbo	moon	77		kʰaj	1311	kʰ a j	kh~ay
Mnong-Rölöm	mng	moon	77		kʰɛː	1311	kʰ ɛː	kh~E
Nyaheun	nev	moon	77		kʰeː	1311	kʰ eː	kh~e
Rengao	ren	moon	77		kʰɛj	1311	kʰ ɛ j	kh~Ey
Sedang	sed	moon	77		kʰḛ	1311	kʰ ḛ	kh~
Sre	kpm	moon	77		kənhaj	1311	k ə n h a j	k3nhay
Stieng	sti	moon	77		kʰaj	1311	kʰ a j	kh~ay
Bru-Talan	oog	moon	77		kəcʰaːj	1317	k ə cʰ aː j	k3Th~ay
Bru-Ubon	bru	moon	77		kəsaj	1317	k ə s a j	k3say
In	irr	moon	77		kəsaj	1317	k ə s a j	k3say
Katang	kgd	moon	77		kəsaj	1317	k ə s a j	k3say
Katu-AnDiem	ktv	moon	77		kasɛː	1317	k a s ɛː	kasE
Kui(Sriwises1978)	kdt	moon	77		saj	1317	s a j	say
Mankong	sss	moon	77		kəsaj	1317	k ə s a j	k3say
Nge'	ngt	moon	77		kasaj	1317	k a s a j	kasay
Pacoh	pac	moon	77		kisaj	1317	k i s a j	kisay
So-Khammouane	sss	moon	77		nsaj	1317	n s a j	nsay
So-SakonNakhon	sss	moon	77		mənaːŋla̤h	1318	mənaːŋ la̤h	m3naNlah
So-SakonNakhon	sss	moon	77		nsaj	1317	n s a j	nsay
Souei-Saravan	kdt	moon	77		kəsaj	1317	k ə s a j	k3say
TaOi	tto	moon	77		kəsaj	1317	k ə s a j	k3say
Khasi	khi	moon	77		bnaːj	1319	b n aː j	bnay
Pnar	pbv	moon	77		bnaːj	1319	b n aː j	bnay
War-Lamin	aml	moon	77		pnʊ	1319	p n ʊ	pnu
Khmer-Surin	kxm	moon	77		kʰɛː	1311	kʰ ɛː	kh~E
Khmer-Standard	khm	moon	77		kʰae	1311	kʰ ae	kh~ae
Idu	tyh	moon	77		kâ̤j	1311	k â̤ j	kay
Khmu-Cuang	kjg	moon	77		moŋ	1320	m o ŋ	moN
Khmu-Yuan	kjg	moon	77		mòŋ	1320	m ò ŋ	moN
Mal-T'in	mlf	moon	77		tʰuaʔ	1304	tʰ ua ʔ	th~ua7
Bugan	bbh	moon	77		ta⁵⁵	1306	t a	ta
Mang	zng	moon	77		meː⁶	1305	m eː	me
Mon	mnw	moon	77		hataɔ	1304	h a t aɔ	hatao
Nyahkur	cbn	moon	77		ntúːʔ	1304	n t úː ʔ	ntu7
Gorum	pcj	moon	77		aŋa̰jta	1307	a ŋ a̰ j t a	aNayta
Kharia	khr	moon	77		leˈraŋ	1308	l e ˈr a ŋ	leraN
Santali	sat	moon	77		ɲidəcãdo	1309	ɲidə cãdo	5id3Tado
Sora	srb	moon	77		aŋɡaɟta	1307	a ŋ ɡ a ɟ t a	aNgaCta
Car	caq	moon	77		ciŋeːt	1310	c i ŋ eː t	TiNet
Nancowri	ncb	moon	77		kahɛ́	1311	k a h ɛ́	kahE
Lawa(Ratanakul)	lcp	moon	77		kʰəiʔ	1311	kʰ əi ʔ	kh~3i7
ManMet	mml	moon	77		akʰɛn³¹	1312	a kʰɛn³¹	akh~En
Palaung-Dara'ang	pce	moon	77		magian	1312	m a g ia n	magian
Palaung-Kalaw	pce	moon	77		magiaŋ	1312	ma giaŋ	magiaN
Palaung-Namhsan	pce	moon	77		kiər	1312	k iə r	ki3r
Riang-Sak	ril	moon	77		kiar¹	1312	k ia r	kiar
Wa-Praok	prk	moon	77		kʰiʔ	1311	kʰ i ʔ	kh~i7
Karii	pkt	moon	77		traː	1313	t r aː	tra
Ruc	scb	moon	77		puləan²	1315	p u l əa n	pul3an
Vietnamese	vie	moon	77		tháng	1314	t h á n g	thang
Vietnamese	vie	moon	77		trăng	1314	t r ă n g	trng
Alak	alk	mortar	78		tapaɯ	1329	t a p aɯ	tapau
Bahnar-Golar	bdq	mortar	78		təpal	1329	t ə p a l	t3pal
Bahnar-Kontum	bdq	mortar	78		hapal	1329	h a p a l	hapal
Bahnar-Pleiku	bdq	mortar	78		təpal	1329	t ə p a l	t3pal
Brao	brb	mortar	78		təwaːw	1329	t ə w aː w	t3waw
Cua	cua	mortar	78		ʔapal	1329	ʔ a p a l	7apal
Halang	hal	mortar	78		həpal	1329	h ə p a l	h3pal
Jeh	jeh	mortar	78		ʔapal	1329	ʔ a p a l	7apal
Mnong-Rölöm	mng	mortar	78		pal	1329	p a l	pal
Nyaheun	nev	mortar	78		dwaw	1329	d w a w	dwaw
Rengao	ren	mortar	78		həpal	1329	h ə p a l	h3pal
Sre	kpm	mortar	78		mpal	1329	m p a l	mpal
Stieng	sti	mortar	78		pal	1329	p a l	pal
Bru-Talan	oog	mortar	78		təpaˀlloʔ	1329	təpaˀl loʔ	t3pallo7
Bru-Ubon	bru	mortar	78		tapal	1329	t a p a l	tapal
In	irr	mortar	78		pəloʔ	1329	p ə l o ʔ	p3lo7
Katang	kgd	mortar	78		təpal	1329	t ə p a l	t3pal
Katu-AnDiem	ktv	mortar	78		tapal	1329	t a p a l	tapal
Kui(Sriwises1978)	kdt	mortar	78		tpal	1329	t p a l	tpal
Kui(Huffman1979)	kdt	mortar	78		səʔʌŋ	1330	s ə ʔ ʌ ŋ	s37oN
Mankong	sss	mortar	78		təpal	1329	t ə p a l	t3pal
Nge'	ngt	mortar	78		tual	1331	t ua l	tual
Pacoh	pac	mortar	78		tupal	1329	t u p a l	tupal
So-Khammouane	sss	mortar	78		ʔalɔ̤ʔ	1332	ʔ a l ɔ̤ ʔ	7alo7
So-SakonNakhon	sss	mortar	78		ɑla̤ʔ	1332	ɑ l a̤ ʔ	ala7
Souei-Saravan	kdt	mortar	78		təpal	1329	t ə p a l	t3pal
TaOi	tto	mortar	78		təpal	1329	t ə p a l	t3pal
Khasi	khi	mortar	78		tʰloŋ	1322	tʰ l o ŋ	th~loN
Pnar	pbv	mortar	78		tʰlɔŋ	1322	tʰ l ɔ ŋ	th~loN
War-Lamin	aml	mortar	78		kʰlɒŋ	1322	kʰ l ɒ ŋ	kh~loN
Khmer-Surin	kxm	mortar	78		tbal	1329	t b a l	tbal
Khmer-Standard	khm	mortar	78		tbal	1329	t b a l	tbal
Idu	tyh	mortar	78		hàŋkɔ́ɛ	1321	h à ŋ k ɔ́ɛ	haNkoE
Khmu-Cuang	kjg	mortar	78		guəl	1321	g uə l	gu3l
Khmu-Yuan	kjg	mortar	78		kwùal	1321	k w u a l	kwual
Mal-T'in	mlf	mortar	78		kuːl	1321	k uː l	kul
Bugan	bbh	mortar	78		lo̱ŋ⁵⁵	1323	l o̱ ŋ	loN
Mon	mnw	mortar	78		həi	1324	h əi	h3i
Nyahkur	cbn	mortar	78		ndúl	1325	n d ú l	ndul
Gorum	pcj	mortar	78		a̰l	1326	a̰ l	al
Kharia	khr	mortar	78		okʰɽi	1327	o kʰ ɽ i	okh~ri
Santali	sat	mortar	78		kə̃ɖi	1327	k ə̃ ɖ i	k3di
Sora	srb	mortar	78		ɔnʌl	1328	ɔ n ʌ l	onol
Lawa(Ratanakul)	lcp	mortar	78		ŋgao	1321	ŋ g ao	Ngao
Lawa(Ratanakul)	lcp	mortar	78		mbɔ	1329	m b ɔ	mbo
Palaung-Dara'ang	pce	mortar	78		mbɔ	1329	m b ɔ	mbo
Palaung-Namhsan	pce	mortar	78		pər	1329	p ə r	p3r
Riang-Sak	ril	mortar	78		pal¹	1329	p a l	pal
Wa-Praok	prk	mortar	78		po	1329	p o	po
Karii	pkt	mortar	78		tkoːlʔ	1321	t k oː l ʔ	tkol7
Ruc	scb	mortar	78		təkóːl	1321	t ə k óː l	t3kol
Vietnamese	vie	mortar	78		cối	1321	c o i	Ti
Alak	alk	mushroom/fungus	81		nnɔːn	1397	nn ɔː n	nnon
Brao	brb	mushroom/fungus	81		pəcʰeːt	1396	p ə cʰ eː t	p3Th~et
Halang	hal	mushroom/fungus	81		pəsi̤ːt	1396	p ə s i̤ː t	p3sit
Jeh	jeh	mushroom/fungus	81		pəsit	1396	p ə s i t	p3sit
Jru-Laven	lbo	mushroom/fungus	81		pseːt	1396	p s eː t	pset
Mnong-Rölöm	mng	mushroom/fungus	81		seːt	1396	s eː t	set
Nyaheun	nev	mushroom/fungus	81		pʰeːt	1396	pʰ eː t	ph~et
Rengao	ren	mushroom/fungus	81		bəʦi̤t	1396	b ə ʦ i̤ t	b3cit
Sedang	sed	mushroom/fungus	81		kəset	1396	k ə s e t	k3set
Sre	kpm	mushroom/fungus	81		bəsit	1396	b ə s i t	b3sit
Stieng	sti	mushroom/fungus	81		seːt	1396	s eː t	set
Bru-Talan	oog	mushroom/fungus	81		triˀiʔ	1398	t r iˀi ʔ	trii7
Bru-Ubon	bru	mushroom/fungus	81		tria	1398	t r ia	tria
In	irr	mushroom/fungus	81		trḭː	1398	t r ḭː	tr
Katang	kgd	mushroom/fungus	81		triːa	1398	t r iːa	tria
Katu-AnDiem	ktv	mushroom/fungus	81		triː	1398	t r iː	tri
Kui(Sriwises1978)	kdt	mushroom/fungus	81		trɨː	1398	t r ɨː	tr3
Kui(Huffman1979)	kdt	mushroom/fungus	81		triəʔ	1398	t r iə ʔ	tri37
Mankong	sss	mushroom/fungus	81		tri̤aʔ	1398	t r i̤a ʔ	tria7
Nge'	ngt	mushroom/fungus	81		trɨː	1398	t r ɨː	tr3
Pacoh	pac	mushroom/fungus	81		tria	1398	t r ia	tria
So-Khammouane	sss	mushroom/fungus	81		kriəʔ	1398	k r iə ʔ	kri37
So-SakonNakhon	sss	mushroom/fungus	81		triəʔ	1398	t r iə ʔ	tri37
Souei-Saravan	kdt	mushroom/fungus	81		tria	1398	t r ia	tria
TaOi	tto	mushroom/fungus	81		triː	1398	t r iː	tri
Khasi	khi	mushroom/fungus	81		tit	1391	t i t	tit
Pnar	pbv	mushroom/fungus	81		tɪt	1391	t ɪ t	tit
War-Lamin	aml	mushroom/fungus	81		tet	1391	t e t	tet
Khmer-Surin	kxm	mushroom/fungus	81		psʌt	1396	p s ʌ t	psot
Khmer-Standard	khm	mushroom/fungus	81		psət	1396	p s ə t	ps3t
Idu	tyh	mushroom/fungus	81		pʰrṵ̂ː	1399	pʰ r ṵ̂ː	ph~r
Khmu-Cuang	kjg	mushroom/fungus	81		tih	1391	t i h	tih
Khmu-Yuan	kjg	mushroom/fungus	81		tís	1391	t í s	tis
Mal-T'in	mlf	mushroom/fungus	81		tʰih	1391	tʰ i h	th~ih
Bugan	bbh	mushroom/fungus	81		pʰa³³	1400	pʰ a	ph~a
Mang	zng	mushroom/fungus	81		laːŋ¹	1401	l aː ŋ	laN
Mon	mnw	mushroom/fungus	81		pətɑh	1391	p ə t ɑ h	p3tah
Nyahkur	cbn	mushroom/fungus	81		pətíh	1391	p ə t í h	p3tih
Gorum	pcj	mushroom/fungus	81		uʔjupuˀd	1392	u ʔ j u p uˀ d	u7yupud
Gorum	pcj	mushroom/fungus	81		boti	1391	b o t i	boti
Kharia	khr	mushroom/fungus	81		uˀɖ	1392	uˀ ɖ	ud
Santali	sat	mushroom/fungus	81		pɔʈkɔɟ	1392	p ɔ ʈ k ɔ ɟ	potkoC
Sora	srb	mushroom/fungus	81		pɨd	1392	p ɨ d	p3d
Sora	srb	mushroom/fungus	81		bʌti	1391	b ʌ t i	boti
Car	caq	mushroom/fungus	81		mimi	1393	m i m i	mimi
Nancowri	ncb	mushroom/fungus	81		malɔhla	1394	m a l ɔ h l a	malohla
Lawa(Ratanakul)	lcp	mushroom/fungus	81		taih	1391	t ai h	taih
ManMet	mml	mushroom/fungus	81		atʰih⁵³	1391	a tʰih⁵³	ath~ih
Palaung-Dara'ang	pce	mushroom/fungus	81		dih	1391	d i h	dih
Palaung-Kalaw	pce	mushroom/fungus	81		həjɗiç	1391	həj ɗiç	h3yTiS
Palaung-Namhsan	pce	mushroom/fungus	81		tir	1391	t i r	tir
Riang-Sak	ril	mushroom/fungus	81		tis¹	1391	t i s	tis
Wa-Praok	prk	mushroom/fungus	81		tih	1391	t i h	tih
Karii	pkt	mushroom/fungus	81		bɔːc	1395	b ɔː c	boT
Ruc	scb	mushroom/fungus	81		ʈə̀a²	1398	ʈ ə̀a	t3a
Alak	alk	nail/claw	82		kaneh	1413	k a n e h	kaneh
Bahnar-Golar	bdq	nail/claw	82		təʔŋjəh	1413	t ə ʔ ŋ j ə h	t37Ny3h
Bahnar-Golar	bdq	nail/claw	82		kəɗiːɲ	1414	k ə ɗ iː ɲ	k3Ti5
Bahnar-Kontum	bdq	nail/claw	82		kəɗiːɲ	1414	k ə ɗ iː ɲ	k3Ti5
Bahnar-Pleiku	bdq	nail/claw	82		təʔŋjəh	1413	t ə ʔ ŋ j ə h	t37Ny3h
Bahnar-Pleiku	bdq	nail/claw	82		kəɗiːɲ	1414	k ə ɗ iː ɲ	k3Ti5
Brao	brb	nail/claw	82		karniah	1413	k a r n ia h	karniah
Cua	cua	nail/claw	82		kaniəh	1413	k a n iə h	kani3h
Halang	hal	nail/claw	82		kəʔniajh	1413	k ə ʔ n ia j h	k37niayh
Jeh	jeh	nail/claw	82		kəʔniaç	1413	k ə ʔ n ia ç	k37niaS
Jru-Laven	lbo	nail/claw	82		kəniah	1413	k ə n ia h	k3niah
Mnong-Rölöm	mng	nail/claw	82		niehtiː	1413	nieh tiː	niehti
Nyaheun	nev	nail/claw	82		nniah	1413	nn ia h	nniah
Rengao	ren	nail/claw	82		kəʔnih	1413	k ə ʔ n i h	k37nih
Sedang	sed	nail/claw	82		kənèj	1413	k ə n è j	k3ney
Sre	kpm	nail/claw	82		nɗias	1413	n ɗ ia s	nTias
Stieng	sti	nail/claw	82		kənieh	1413	k ə n ie h	k3nieh
Bru-Talan	oog	nail/claw	82		kərniʔajh	1413	k ə r n i ʔ a j h	k3rni7ayh
Bru-Ubon	bru	nail/claw	82		ntre̤ːh	1413	n t r e̤ː h	ntreh
In	irr	nail/claw	82		kərnḭajh	1413	k ə r n ḭa j h	k3rnayh
Katang	kgd	nail/claw	82		kəntriːeh	1413	k ə n t r iːe h	k3ntrieh
Katu-AnDiem	ktv	nail/claw	82		kərieh	1413	k ə r ie h	k3rieh
Kui(Sriwises1978)	kdt	nail/claw	82		ntʰrɛ̀h	1413	n tʰ r ɛ̀ h	nth~rEh
Kui(Huffman1979)	kdt	nail/claw	82		ntrɛ̤h	1413	n t r ɛ̤ h	ntrEh
Mankong	sss	nail/claw	82		ntre̤ːh	1413	n t r e̤ː h	ntreh
Nge'	ngt	nail/claw	82		keniajh	1413	k e n ia j h	keniayh
Pacoh	pac	nail/claw	82		kərríajh	1413	k ə rr ía j h	k3rriayh
So-Khammouane	sss	nail/claw	82		kirɛh	1413	k i r ɛ h	kirEh
So-SakonNakhon	sss	nail/claw	82		kirɛh	1413	k i r ɛ h	kirEh
Souei-Saravan	kdt	nail/claw	82		krɛːh	1413	k r ɛː h	krEh
TaOi	tto	nail/claw	82		kərnias	1413	k ə r n ia s	k3rnias
Khasi	khi	nail/claw	82		tɨrsim	1415	t ɨ r s i m	t3rsim
Pnar	pbv	nail/claw	82		tɨrsim	1415	t ɨ r s i m	t3rsim
War-Lamin	aml	nail/claw	82		snem	1415	s n e m	snem
Khmer-Surin	kxm	nail/claw	82		kcɑːʔ	1416	k c ɑː ʔ	kTa7
Khmer-Standard	khm	nail/claw	82		krəcaok	1416	k r ə c ao k	kr3Taok
Idu	tyh	nail/claw	82		dɔ́pmɔ́ɛʔrá̰ːp	1417	dɔ́p mɔ́ɛʔ rá̰ːp	dopmoE7rap
Idu	tyh	nail/claw	82		ʔôːŋ̱hàŋkâːr	1418	ʔôːŋ̱ hàŋ kâːr	7oNhaNkar
Khmu-Cuang	kjg	nail/claw	82		təmhmɔːŋ	1402	t ə m h m ɔː ŋ	t3mhmoN
Khmu-Yuan	kjg	nail/claw	82		tm̀mɔ́ːŋ	1402	t m̀ m ɔ́ː ŋ	tmmoN
Mal-T'in	mlf	nail/claw	82		ntʰiaɰ	1403	n tʰ ia ɰ	nth~iaw
Bugan	bbh	nail/claw	82		mi³³tie³¹	1404	mi³³ tie³¹	mitie
Mang	zng	nail/claw	82		ɗɔː²ʔiː⁶	1405	ɗɔː² ʔiː⁶	To7i
Mon	mnw	nail/claw	82		hənə̱m	1415	h ə n ə̱ m	h3n3m
Nyahkur	cbn	nail/claw	82		ŋhliəm	1415	ŋ h l iə m	Nhli3m
Gorum	pcj	nail/claw	82		ruaj	1406	r ua j	ruay
Kharia	khr	nail/claw	82		rɑˈmɑ̃ˀɖ	1406	r ɑ ˈm ɑ̃ˀ ɖ	ramad
Santali	sat	nail/claw	82		rama	1408	r a m a	rama
Sora	srb	nail/claw	82		kar	1409	k a r	kar
Car	caq	nail/claw	82		kinsɔh	1407	kin sɔh	kinsoh
Nancowri	ncb	nail/claw	82		kisuáh	1407	k i s uá h	kisuah
Lawa(Ratanakul)	lcp	nail/claw	82		hmaim	1415	h m ai m	hmaim
ManMet	mml	nail/claw	82		aɕim¹³tʰiʔ⁵³	1415	a ɕim¹³ tʰiʔ⁵³	aSimth~i7
Palaung-Dara'ang	pce	nail/claw	82		ŋhim	1415	ŋ h i m	Nhim
Palaung-Kalaw	pce	nail/claw	82		ŋhiːŋ	1415	ŋ h iː ŋ	NhiN
Palaung-Kalaw	pce	nail/claw	82		tancoːk	1416	tan coːk	tanTok
Palaung-Kalaw	pce	nail/claw	82		mahiːm	1415	ma hiːm	mahim
Palaung-Namhsan	pce	nail/claw	82		rəhnim	1415	r ə h n i m	r3hnim
Riang-Sak	ril	nail/claw	82		rᵊmhiːm¹	1415	rᵊ m h iː m	rmhim
Wa-Praok	prk	nail/claw	82		mem	1415	m e m	mem
Wa-Praok	prk	nail/claw	82		ŋʰim	1415	ŋʰ i m	Nh~im
Karii	pkt	nail/claw	82		krsam	1410	k r s a m	krsam
Ruc	scb	nail/claw	82		kəntoŋ¹	1412	k ə n t o ŋ	k3ntoN
Vietnamese	vie	nail/claw	82		móng	1411	m ó n g	mong
Alak	alk	name	83		canɔʔ	1439	c a n ɔ ʔ	Tano7
Bahnar-Golar	bdq	name	83		hənan	1440	h ə n a n	h3nan
Bahnar-Kontum	bdq	name	83		mat	1441	m a t	mat
Bahnar-Pleiku	bdq	name	83		ʔanan	1440	ʔ a n a n	7anan
Bahnar-Pleiku	bdq	name	83		mat	1441	m a t	mat
Brao	brb	name	83		mat	1441	m a t	mat
Cua	cua	name	83		ɗat	1419	ɗ a t	Tat
Cua	cua	name	83		ʔal	1420	ʔ a l	7al
Halang	hal	name	83		ɟiəŋ	1421	ɟ iə ŋ	Ci3N
Jeh	jeh	name	83		təliʔ	1422	t ə l i ʔ	t3li7
Jru-Laven	lbo	name	83		mɔh	1426	m ɔ h	moh
Mnong-Rölöm	mng	name	83		nan 	1440	n a n	
Rengao	ren	name	83		mat	1441	m a t	mat
Sedang	sed	name	83		ʔinàj	1423	ʔ i n à j	7inay
Sre	kpm	name	83		təmɔh	1426	t ə m ɔ h	t3moh
Stieng	sti	name	83		təmɔh	1426	t ə m ɔ h	t3moh
Bru-Talan	oog	name	83		pərnɨh	1424	p ə r n ɨ h	p3rn3h
Bru-Ubon	bru	name	83		rəmɨh	1426	r ə m ɨ h	r3m3h
In	irr	name	83		pərnɨh	1424	p ə r n ɨ h	p3rn3h
Katang	kgd	name	83		pərneh	1424	p ə r n e h	p3rneh
Katu-AnDiem	ktv	name	83		danɑːk	1425	d a n ɑː k	danak
Kui(Sriwises1978)	kdt	name	83		cəmɨh	1426	c ə m ɨ h	T3m3h
Kui(Huffman1979)	kdt	name	83		cəmɨ̤h	1426	c ə m ɨ̤ h	T3m3h
Mankong	sss	name	83		rəmɨ̤h	1426	r ə m ɨ̤ h	r3m3h
Nge'	ngt	name	83		kamnʌːc	1442	k a m n ʌː c	kamnoT
Nge'	ngt	name	83		carmɛh	1426	c a r m ɛ h	TarmEh
Pacoh	pac	name	83		nṵh	1424	n ṵ h	nh
So-Khammouane	sss	name	83		rəmɨ̤h	1426	r ə m ɨ̤ h	r3m3h
So-SakonNakhon	sss	name	83		rəmɨ̤h	1426	r ə m ɨ̤ h	r3m3h
Souei-Saravan	kdt	name	83		cʽəmɨh	1426	cʽ ə m ɨ h	T3m3h
TaOi	tto	name	83		pərnɨh	1424	p ə r n ɨ h	p3rn3h
Khasi	khi	name	83		krteŋ	1427	k r t e ŋ	krteN
Pnar	pbv	name	83		prtuc	1428	p r t u c	prtuT
War-Lamin	aml	name	83		tvɪəŋ	1429	t v ɪə ŋ	tvi3N
Khmer-Surin	kxm	name	83		ʨhmoːh	1426	ʨ h m oː h	Chmoh
Khmer-Standard	khm	name	83		cmùəh	1426	c m u ə h	Tmu3h
Idu	tyh	name	83		tḭ̂ːn	1430	t ḭ̂ː n	tn
Khmu-Cuang	kjg	name	83		sŋməh	1426	s ŋ m ə h	sNm3h
Khmu-Yuan	kjg	name	83		sə́ŋmə̀h	1426	sə́ŋ mə̀h	s3Nm3h
Mal-T'in	mlf	name	83		mpʰɨʔ	1431	m pʰ ɨ ʔ	mph~37
Mang	zng	name	83		piew⁴	1432	p ie w	piew
Mon	mnw	name	83		camɔ̀ʔ	1433	c a m ɔ̀ ʔ	Tamo7
Gorum	pcj	name	83		inum	1434	i n u m	inum
Kharia	khr	name	83		ˈj̃ĩmi	1434	ˈj̃ ĩ m i	yimi
Santali	sat	name	83		ɲutum	1435	ɲ u t u m	5utum
Sora	srb	name	83		ʌɲɨm	1434	ʌ ɲ ɨ m	o53m
Car	caq	name	83		minɛʔɛɲ	1436	m i n ɛ ʔ ɛ ɲ	minE7E5
Nancowri	ncb	name	83		leːaŋ	1437	l eːa ŋ	leaN
ManMet	mml	name	83		meh³¹	1426	m e h	meh
Riang-Sak	ril	name	83		mus²	1426	m u s	mus
Wa-Praok	prk	name	83		mɔ	1426	m ɔ	mo
Karii	pkt	name	83		miːh	1426	m iː h	mih
Ruc	scb	name	83		ten	1438	t e n	ten
Vietnamese	vie	name	83		tên	1438	t ê n	ten
Alak	alk	navel	84		klɔk	1457	k l ɔ k	klok
Bahnar-Golar	bdq	navel	84		klɔk	1457	k l ɔ k	klok
Bahnar-Kontum	bdq	navel	84		klɔk	1457	k l ɔ k	klok
Bahnar-Pleiku	bdq	navel	84		klɔk	1457	k l ɔ k	klok
Cua	cua	navel	84		kloːk	1457	k l oː k	klok
Halang	hal	navel	84		klɔk	1457	k l ɔ k	klok
Jeh	jeh	navel	84		klɔk	1457	k l ɔ k	klok
Jru-Laven	lbo	navel	84		klɔk	1457	k l ɔ k	klok
Mnong-Rölöm	mng	navel	84		tlɔk	1457	t l ɔ k	tlok
Nyaheun	nev	navel	84		klɔk	1457	k l ɔ k	klok
Rengao	ren	navel	84		klɔk	1457	k l ɔ k	klok
Sedang	sed	navel	84		klɔ	1457	k l ɔ	klo
Sre	kpm	navel	84		klɔ	1457	k l ɔ	klo
Stieng	sti	navel	84		klɔʔ	1457	k l ɔ ʔ	klo7
Bru-Talan	oog	navel	84		pəːm	1459	p əː m	p3m
Bru-Talan	oog	navel	84		krəpuŋʔoˀoʔ	1460	krəpuŋ ʔoˀoʔ	kr3puN7oo7
Bru-Ubon	bru	navel	84		talṳːjh	1461	t a l ṳː j h	talyh
Katang	kgd	navel	84		təluːjh	1461	t ə l uː j h	t3luyh
Katu-AnDiem	ktv	navel	84		puːn	1443	p uː n	pun
Kui(Sriwises1978)	kdt	navel	84		tloh	1461	t l o h	tloh
Kui(Huffman1979)	kdt	navel	84		pṳŋ	1460	p ṳ ŋ	pN
Nge'	ngt	navel	84		pun	1443	p u n	pun
Pacoh	pac	navel	84		pṵːn	1443	p ṵː n	pn
So-Khammouane	sss	navel	84		pṳŋ	1460	p ṳ ŋ	pN
So-SakonNakhon	sss	navel	84		mpuŋ	1460	m p u ŋ	mpuN
Khasi	khi	navel	84		soʔpet	1444	soʔ pet	so7pet
Pnar	pbv	navel	84		sʌpɛt̪	1444	s ʌ p ɛ t̪	sopEt
War-Lamin	aml	navel	84		sɒʔpet	1444	sɒʔ pet	so7pet
Khmer-Surin	kxm	navel	84		pʨʌt	1458	p ʨ ʌ t	pCot
Khmer-Standard	khm	navel	84		pcət	1458	p c ə t	pT3t
Idu	tyh	navel	84		lúc	1445	l ú c	luT
Khmu-Cuang	kjg	navel	84		kndiːŋ	1446	k n d iː ŋ	kndiN
Khmu-Yuan	kjg	navel	84		kńtìːŋ	1446	k ń t ìː ŋ	kntiN
Mal-T'in	mlf	navel	84		pʰuː	1447	pʰ uː	ph~u
Bugan	bbh	navel	84		pə⁵⁵sən³³	1448	pə⁵⁵ sən³³	p3s3n
Mang	zng	navel	84		ʔaː²poːŋ³	1460	ʔaː² poːŋ³	7apoN
Mon	mnw	navel	84		pɔŋlɒt	1460	pɔŋ lɒt	poNlot
Nyahkur	cbn	navel	84		pəníh	1449	p ə n í h	p3nih
Kharia	khr	navel	84		sunɖruʔɟ	1450	s u n ɖ r u ʔ ɟ	sundru7C
Santali	sat	navel	84		bukə	1451	b u k ə	buk3
Sora	srb	navel	84		ˈpul	1456	ˈp u l	pul
Car	caq	navel	84		fun	1443	f u n	fun
Nancowri	ncb	navel	84		fun	1443	f u n	fun
Lawa(Ratanakul)	lcp	navel	84		lətʰɪɲ	1446	l ə tʰ ɪ ɲ	l3th~i5
ManMet	mml	navel	84		toʔ⁵³	1452	t o ʔ	to7
Palaung-Kalaw	pce	navel	84		katɯm	1453	ka tɯm	katum
Palaung-Namhsan	pce	navel	84		kərdiŋ	1446	k ə r d i ŋ	k3rdiN
Riang-Sak	ril	navel	84		kluŋ²ɗiːŋ¹	1446	kluŋ² ɗiːŋ¹	kluNTiN
Wa-Praok	prk	navel	84		sda̤ɲ	1446	s d a̤ ɲ	sda5
Karii	pkt	navel	84		bsuːɲʔ	1454	b s uː ɲ ʔ	bsu57
Ruc	scb	navel	84		tuduːlʰ	1455	t u d uː lʰ	tudulh~
Vietnamese	vie	navel	84		rốn	1454	r o n	rn
Alak	alk	near	85		tʻiap	1496	tʻ ia p	tiap
Bahnar-Golar	bdq	near	85		ɟeʔ	1497	ɟ e ʔ	Ce7
Bahnar-Kontum	bdq	near	85		ɟɛʔ	1497	ɟ ɛ ʔ	CE7
Bahnar-Kontum	bdq	near	85		gjam	1498	g j a m	gyam
Bahnar-Pleiku	bdq	near	85		ɟeʔ	1497	ɟ e ʔ	Ce7
Brao	brb	near	85		kəlam	1462	k ə l a m	k3lam
Cua	cua	near	85		ɟɛʔ	1497	ɟ ɛ ʔ	CE7
Halang	hal	near	85		dɛŋ	1463	d ɛ ŋ	dEN
Jeh	jeh	near	85		ɟe̤ʔ	1497	ɟ e̤ ʔ	Ce7
Jru-Laven	lbo	near	85		tiːt	1464	t iː t	tit
Mnong-Rölöm	mng	near	85		dac	1465	d a c	daT
Nyaheun	nev	near	85		tʰaːp	1496	tʰ aː p	th~ap
Rengao	ren	near	85		tɛn	1466	t ɛ n	tEn
Sedang	sed	near	85		ʔacɛ	1497	ʔ a c ɛ	7aTE
Sre	kpm	near	85		rip	1467	r i p	rip
Stieng	sti	near	85		ɟəŋɔː	1468	ɟ ə ŋ ɔː	C3No
Stieng	sti	near	85		ndəh	1481	n d ə h	nd3h
Bru-Talan	oog	near	85		təmanʔ	1469	t ə m a n ʔ	t3man7
Bru-Ubon	bru	near	85		cɛ̤ʔ	1497	c ɛ̤ ʔ	TE7
Katang	kgd	near	85		cieʔ	1497	c ie ʔ	Tie7
Katu-AnDiem	ktv	near	85		ɗan	1470	ɗ a n	Tan
Kui(Sriwises1978)	kdt	near	85		ɲcàl	1471	ɲ c à l	5Tal
Kui(Huffman1979)	kdt	near	85		ɲca̤l	1471	ɲ c a̤ l	5Tal
Nge'	ngt	near	85		taman	1469	t a m a n	taman
Pacoh	pac	near	85		təmman	1469	t ə mm a n	t3mman
So-Khammouane	sss	near	85		cikiət	1472	c i k iə t	Tiki3t
So-SakonNakhon	sss	near	85		cikiət	1472	c i k iə t	Tiki3t
So-SakonNakhon	sss	near	85		tʰit	1464	tʰ i t	th~it
Souei-Saravan	kdt	near	85		con	1473	c o n	Ton
TaOi	tto	near	85		təmanˀ	1469	t ə m a nˀ	t3man
Khasi	khi	near	85		ɟan	1474	ɟ a n	Can
Pnar	pbv	near	85		dʒan	1474	d ʒ a n	dZan
War-Lamin	aml	near	85		tjan	1474	t j a n	tyan
Khmer-Surin	kxm	near	85		bɪːt	1475	b ɪː t	bit
Khmer-Standard	khm	near	85		biːt	1475	b iː t	bit
Idu	tyh	near	85		gadîə	1476	g a d îə	gadi3
Khmu-Cuang	kjg	near	85		leh	1477	l e h	leh
Khmu-Yuan	kjg	near	85		lès	1477	l è s	les
Mal-T'in	mlf	near	85		kʰɛːtcəŋ	1478	kʰɛːt cəŋ	kh~EtT3N
Bugan	bbh	near	85		ta³¹	1480	t a	ta
Mang	zng	near	85		ɓɔː¹	1479	ɓ ɔː	po
Mon	mnw	near	85		ɲɔn	1482	ɲ ɔ n	5on
Mon	mnw	near	85		krɔp	1483	k r ɔ p	krop
Nyahkur	cbn	near	85		ɲɛ̀n	1484	ɲ ɛ̀ n	5En
Kharia	khr	near	85		pase	1485	p a s e	pase
Santali	sat	near	85		sur	1486	s u r	sur
Sora	srb	near	85		əˈmɑŋ	1487	ə ˈm ɑ ŋ	3maN
Car	caq	near	85		ɾaŋ	1488	ɾ a ŋ	raN
Car	caq	near	85		ɾəhta	1489	ɾ ə h t a	r3hta
Nancowri	ncb	near	85		ʔɛ́h	1489	ʔ ɛ́ h	7Eh
Lawa(Ratanakul)	lcp	near	85		səndiʔ	1490	s ə n d i ʔ	s3ndi7
ManMet	mml	near	85		tɛʔ⁵³	1490	t ɛ ʔ	tE7
Palaung-Dara'ang	pce	near	85		khriaɁ	1495	k h r ia Ɂ	khria7
Palaung-Kalaw	pce	near	85		ŋkatat	1491	ŋka tat	Nkatat
Palaung-Namhsan	pce	near	85		dət	1491	d ə t	d3t
Riang-Sak	ril	near	85		riːm²	1492	r iː m	rim
Wa-Praok	prk	near	85		de̤ʔ	1490	d e̤ ʔ	de7
Karii	pkt	near	85		ɲok	1493	ɲ o k	5ok
Ruc	scb	near	85		təkiɲ¹	1494	t ə k i ɲ	t3ki5
Vietnamese	vie	near	85		gần	1494	g a n	gn
Alak	alk	neck	86		ŋɔːk	1512	ŋ ɔː k	Nok
Bahnar-Golar	bdq	neck	86		həkɔː	1513	h ə k ɔː	h3ko
Bahnar-Kontum	bdq	neck	86		ʔakɔː	1513	ʔ a k ɔː	7ako
Bahnar-Pleiku	bdq	neck	86		ʔakɔː	1513	ʔ a k ɔː	7ako
Brao	brb	neck	86		dɑŋ	1514	d ɑ ŋ	daN
Cua	cua	neck	86		ranʌŋ	1516	r a n ʌ ŋ	ranoN
Cua	cua	neck	86		kʌʔ	1513	k ʌ ʔ	ko7
Halang	hal	neck	86		təkuəj	1499	t ə k uə j	t3ku3y
Jeh	jeh	neck	86		təkuaj	1499	t ə k ua j	t3kuay
Jru-Laven	lbo	neck	86		hlɔŋ	1515	h l ɔ ŋ	hloN
Mnong-Rölöm	mng	neck	86		kaw	1513	k a w	kaw
Nyaheun	nev	neck	86		hlɔŋ	1515	h l ɔ ŋ	hloN
Rengao	ren	neck	86		cəkɔːj	1499	c ə k ɔː j	T3koy
Sedang	sed	neck	86		rənɔ́ŋ	1516	r ə n ɔ́ ŋ	r3noN
Sre	kpm	neck	86		ŋkɔ	1513	ŋ k ɔ	Nko
Stieng	sti	neck	86		kɔː	1513	k ɔː	ko
Bru-Talan	oog	neck	86		təkɔˀɔŋ	1500	t ə k ɔˀɔ ŋ	t3kooN
Bru-Ubon	bru	neck	86		təkɔːŋ	1500	t ə k ɔː ŋ	t3koN
In	irr	neck	86		təkɔ̰ːŋ	1500	t ə k ɔ̰ː ŋ	t3koN
Katang	kgd	neck	86		təkɔːŋ	1500	t ə k ɔː ŋ	t3koN
Katu-AnDiem	ktv	neck	86		tuor	1501	t uo r	tuor
Kui(Sriwises1978)	kdt	neck	86		təkɑːŋ	1500	t ə k ɑː ŋ	t3kaN
Kui(Huffman1979)	kdt	neck	86		təkɑːŋ	1500	t ə k ɑː ŋ	t3kaN
Mankong	sss	neck	86		təkɑːŋ	1500	t ə k ɑː ŋ	t3kaN
Nge'	ngt	neck	86		takɔːŋ	1500	t a k ɔː ŋ	takoN
Pacoh	pac	neck	86		tikɔːŋ	1500	t i k ɔː ŋ	tikoN
So-Khammouane	sss	neck	86		təkɑːŋ	1500	t ə k ɑː ŋ	t3kaN
So-SakonNakhon	sss	neck	86		təkɑːŋ	1500	t ə k ɑː ŋ	t3kaN
Souei-Saravan	kdt	neck	86		təkɔːŋ	1500	t ə k ɔː ŋ	t3koN
TaOi	tto	neck	86		təkɔːŋ	1500	t ə k ɔː ŋ	t3koN
Khasi	khi	neck	86		rɨndaŋ	1502	r ɨ n d a ŋ	r3ndaN
Pnar	pbv	neck	86		rdaŋ	1502	r d a ŋ	rdaN
War-Lamin	aml	neck	86		rdaŋ	1502	r d a ŋ	rdaN
Khmer-Surin	kxm	neck	86		kɑː	1513	k ɑː	ka
Khmer-Standard	khm	neck	86		kɔː	1513	k ɔː	ko
Idu	tyh	neck	86		hàŋgâw	1513	h à ŋ g â w	haNgaw
Khmu-Cuang	kjg	neck	86		kntuər	1501	k n t uə r	kntu3r
Khmu-Yuan	kjg	neck	86		kǹtúar	1501	k n t úa r	ktuar
Mal-T'in	mlf	neck	86		ŋɔːk	1512	ŋ ɔː k	Nok
Bugan	bbh	neck	86		kɔŋ³³	1500	k ɔ ŋ	koN
Mang	zng	neck	86		cɯŋ²ʔuːŋ¹	1504	cɯŋ² ʔuːŋ¹	TuN7uN
Mon	mnw	neck	86		kɔʔ	1513	k ɔ ʔ	ko7
Nyahkur	cbn	neck	86		kɔ́ːʔ	1513	k ɔ́ː ʔ	ko7
Gorum	pcj	neck	86		goɖoŋ	1505	g o ɖ o ŋ	godoN
Kharia	khr	neck	86		ˈkɔŋkɔ	1513	ˈk ɔ ŋ k ɔ	koNko
Kharia	khr	neck	86		gardan	1506	g a r d a n	gardan
Santali	sat	neck	86		hoʈoʔ	1507	h o ʈ o ʔ	hoto7
Sora	srb	neck	86		əˈsɑŋkɑː	1513	ə ˈs ɑ ŋ k ɑː	3saNka
Car	caq	neck	86		likɯn	1508	l i k ɯ n	likun
Nancowri	ncb	neck	86		ʔoŋloŋa	1509	ʔ o ŋ l o ŋ a	7oNloNa
Lawa(Ratanakul)	lcp	neck	86		ŋok	1512	ŋ o k	Nok
ManMet	mml	neck	86		lam³¹kʰɔ³¹	1513	lam³¹ kʰɔ³¹	lamkh~o
Palaung-Dara'ang	pce	neck	86		mεŋ	1510	m ε ŋ	mN
Palaung-Kalaw	pce	neck	86		meak	1510	m ea k	meak
Palaung-Namhsan	pce	neck	86		rəmɔŋ	1510	r ə m ɔ ŋ	r3moN
Riang-Sak	ril	neck	86		kok¹	1503	k o k	kok
Wa-Praok	prk	neck	86		ŋɔ̤k	1512	ŋ ɔ̤ k	Nok
Karii	pkt	neck	86		krtɔːŋʔ	1514	k r t ɔː ŋ ʔ	krtoN7
Ruc	scb	neck	86		təkìː⁴	1511	t ə k ìː	t3ki
Vietnamese	vie	neck	86		cổ	1513	c o	T
Alak	alk	night	89		maŋ	1560	m a ŋ	maN
Bahnar-Golar	bdq	night	89		maŋ	1560	m a ŋ	maN
Bahnar-Kontum	bdq	night	89		maŋ	1560	m a ŋ	maN
Bahnar-Pleiku	bdq	night	89		maŋ	1560	m a ŋ	maN
Brao	brb	night	89		maŋ	1560	m a ŋ	maN
Cua	cua	night	89		kamɨŋ	1560	k a m ɨ ŋ	kam3N
Halang	hal	night	89		maŋ	1560	m a ŋ	maN
Jeh	jeh	night	89		maŋ	1560	m a ŋ	maN
Jru-Laven	lbo	night	89		maŋ	1560	m a ŋ	maN
Mnong-Rölöm	mng	night	89		maŋ	1560	m a ŋ	maN
Nyaheun	nev	night	89		maŋ	1560	m a ŋ	maN
Rengao	ren	night	89		maŋ	1560	m a ŋ	maN
Sedang	sed	night	89		maŋ	1560	m a ŋ	maN
Sre	kpm	night	89		maŋ	1560	m a ŋ	maN
Stieng	sti	night	89		maŋ	1560	m a ŋ	maN
Bru-Talan	oog	night	89		təbɨː	1562	t ə b ɨː	t3b3
Bru-Ubon	bru	night	89		sədaw	1561	s ə d a w	s3daw
In	irr	night	89		hədaːw	1561	h ə d aː w	h3daw
Katang	kgd	night	89		hədaw	1561	h ə d a w	h3daw
Katu-AnDiem	ktv	night	89		hajum	1563	h a j u m	hayum
Kui(Sriwises1978)	kdt	night	89		sədaːw	1561	s ə d aː w	s3daw
Kui(Sriwises1978)	kdt	night	89		təbɨː	1562	t ə b ɨː	t3b3
Kui(Huffman1979)	kdt	night	89		təbɨː	1562	t ə b ɨː	t3b3
Mankong	sss	night	89		sədaw	1561	s ə d a w	s3daw
Nge'	ngt	night	89		tabɨː	1562	t a b ɨː	tab3
Pacoh	pac	night	89		ʔiɗaw	1561	ʔ i ɗ a w	7iTaw
So-Khammouane	sss	night	89		sidaw	1561	s i d a w	sidaw
So-SakonNakhon	sss	night	89		təbɨː	1562	t ə b ɨː	t3b3
Souei-Saravan	kdt	night	89		təbɨː	1562	t ə b ɨː	t3b3
TaOi	tto	night	89		təbɨ̰ɨ	1562	t ə b ɨ̰ɨ	t3b33
Khasi	khi	night	89		miet	1545	m ie t	miet
Pnar	pbv	night	89		meit	1545	m ei t	meit
War-Lamin	aml	night	89		ləmaʔ	1545	l ə m a ʔ	l3ma7
Khmer-Surin	kxm	night	89		jʊp	1546	j ʊ p	yup
Khmer-Standard	khm	night	89		jup	1546	j u p	yup
Idu	tyh	night	89		pî̤ə	1547	p î̤ə	pi3
Khmu-Cuang	kjg	night	89		psɨəm	1548	p s ɨə m	ps33m
Khmu-Yuan	kjg	night	89		psɨ́am	1548	p s ɨ́a m	ps3am
Mal-T'in	mlf	night	89		kial	1549	k ia l	kial
Bugan	bbh	night	89		po⁵⁵	1550	p o	po
Bugan	bbh	night	89		nɛ³³sa̱u̱⁵⁵	1551	nɛ³³ sa̱u̱⁵⁵	nEsau
Mang	zng	night	89		tuaŋ⁶han⁶	1551	tuaŋ⁶ han⁶	tuaNhan
Mon	mnw	night	89		hatɔm	1544	h a t ɔ m	hatom
Nyahkur	cbn	night	89		pǝtám	1544	p ǝ t á m	p3tam
Gorum	pcj	night	89		ŋoŋ	1552	ŋ o ŋ	NoN
Kharia	khr	night	89		iˈɖiˀb	1553	i ˈɖ iˀ b	idib
Santali	sat	night	89		ɲidə	1554	ɲ i d ə	5id3
Sora	srb	night	89		ɔrɨb	1553	ɔ r ɨ b	or3b
Car	caq	night	89		hatəːm	1544	h a t əː m	hat3m
Nancowri	ncb	night	89		daːm	1544	d aː m	dam
Nancowri	ncb	night	89		hatɔm	1544	h a t ɔ m	hatom
Lawa(Ratanakul)	lcp	night	89		saom	1555	s ao m	saom
ManMet	mml	night	89		ɕɛm³¹	1555	ɕ ɛ m	SEm
Palaung-Dara'ang	pce	night	89		khεm̥ǝ	1556	k h ε m̥ ǝ	khm3
Palaung-Kalaw	pce	night	89		kʰajhmaɯ	1556	kʰaj hmaɯ	kh~ayhmau
Palaung-Namhsan	pce	night	89		sɯm	1555	s ɯ m	sum
Riang-Sak	ril	night	89		sɔm¹	1555	s ɔ m	som
Wa-Praok	prk	night	89		sɔm	1555	s ɔ m	som
Karii	pkt	night	89		tŋɔ̀ːp	1557	t ŋ ɔ̀ː p	tNop
Ruc	scb	night	89		lɨ̰̀ːm	1559	l ɨ̰̀ː m	l3m
Vietnamese	vie	night	89		đêm	1558	đ ê m	Dem
Alak	alk	nose	91		muh	1575	m u h	muh
Bahnar-Golar	bdq	nose	91		muh	1575	m u h	muh
Bahnar-Kontum	bdq	nose	91		muh	1575	m u h	muh
Bahnar-Pleiku	bdq	nose	91		muh	1575	m u h	muh
Brao	brb	nose	91		muh	1575	m u h	muh
Cua	cua	nose	91		muh	1575	m u h	muh
Halang	hal	nose	91		mṳh	1575	m ṳ h	mh
Jeh	jeh	nose	91		mṳh	1575	m ṳ h	mh
Jru-Laven	lbo	nose	91		muh	1575	m u h	muh
Mnong-Rölöm	mng	nose	91		moh	1575	m o h	moh
Nyaheun	nev	nose	91		muh	1575	m u h	muh
Rengao	ren	nose	91		mṳh	1575	m ṳ h	mh
Sedang	sed	nose	91		mòh	1575	m ò h	moh
Sre	kpm	nose	91		muh	1575	m u h	muh
Stieng	sti	nose	91		moh	1575	m o h	moh
Bru-Talan	oog	nose	91		moh	1575	m o h	moh
Bru-Ubon	bru	nose	91		muh	1575	m u h	muh
In	irr	nose	91		tərmoh	1575	t ə r m o h	t3rmoh
Katang	kgd	nose	91		muh	1575	m u h	muh
Katu-AnDiem	ktv	nose	91		mɔh	1575	m ɔ h	moh
Kui(Sriwises1978)	kdt	nose	91		mùh	1575	m u h	muh
Kui(Huffman1979)	kdt	nose	91		mṳh	1575	m ṳ h	mh
Mankong	sss	nose	91		mṳh	1575	m ṳ h	mh
Nge'	ngt	nose	91		muh	1575	m u h	muh
Pacoh	pac	nose	91		mo̰h	1575	m o̰ h	moh
So-Khammouane	sss	nose	91		mṳh	1575	m ṳ h	mh
So-SakonNakhon	sss	nose	91		mṳh	1575	m ṳ h	mh
Souei-Saravan	kdt	nose	91		muh	1575	m u h	muh
TaOi	tto	nose	91		tərmoh	1575	t ə r m o h	t3rmoh
Khasi	khi	nose	91		kʰmut	1576	kʰ m u t	kh~mut
Pnar	pbv	nose	91		kʰmut	1576	kʰ m u t	kh~mut
War-Lamin	aml	nose	91		mərkɒ̃ŋ	1577	m ə r k ɒ̃ ŋ	m3rkoN
Khmer-Surin	kxm	nose	91		ʨmɔh	1575	ʨ m ɔ h	Cmoh
Khmer-Standard	khm	nose	91		crɑmoh	1575	c r ɑ m o h	Tramoh
Idu	tyh	nose	91		mṵ̂ː	1575	m ṵ̂ː	m
Khmu-Cuang	kjg	nose	91		muh	1575	m u h	muh
Khmu-Yuan	kjg	nose	91		mùh	1575	m u h	muh
Mal-T'in	mlf	nose	91		moh	1575	m o h	moh
Bugan	bbh	nose	91		pə⁵⁵mã̱³¹	1575	pə⁵⁵ mã̱³¹	p3ma
Mang	zng	nose	91		ŋ¹myː¹	1575	ŋ¹ myː¹	Nmi
Mon	mnw	nose	91		muh	1575	m u h	muh
Nyahkur	cbn	nose	91		hmɔ́h	1575	h m ɔ́ h	hmoh
Gorum	pcj	nose	91		muʔ	1575	m u ʔ	mu7
Kharia	khr	nose	91		rɔˈmɔŋ	1578	r ɔ ˈm ɔ ŋ	romoN
Santali	sat	nose	91		mu	1575	m u	mu
Sora	srb	nose	91		mʔu	1575	m ʔ u	m7u
Car	caq	nose	91		ɛlmɛh	1575	ɛ l m ɛ h	ElmEh
Nancowri	ncb	nose	91		moãh	1575	m oã h	moah
Lawa(Ratanakul)	lcp	nose	91		maɨh	1576	m aɨ h	ma3h
ManMet	mml	nose	91		tʰuʔ⁵³tɤʔ⁵³	1579	tʰuʔ⁵³ tɤʔ⁵³	th~u7to7
Palaung-Dara'ang	pce	nose	91		goŋmuh	1576	g o ŋ m u h	goNmuh
Palaung-Kalaw	pce	nose	91		guŋmuh	1576	guŋ muh	guNmuh
Palaung-Namhsan	pce	nose	91		mur	1576	m u r	mur
Riang-Sak	ril	nose	91		kᵊɗɔʔ¹	1579	kᵊ ɗ ɔ ʔ	kTo7
Wa-Praok	prk	nose	91		mɯ̤ih	1576	m ɯ̤i h	muih
Karii	pkt	nose	91		mùːjh	1576	m uː j h	muyh
Ruc	scb	nose	91		muːlʰ¹	1576	m uː lʰ	mulh~
Vietnamese	vie	nose	91		mũi	1576	m ũi	mi
Alak	alk	old	92		kraʔ	1580	k r a ʔ	kra7
Alak	alk	old	92		tatɨa	1581	t a t ɨa	tat3a
Bahnar-Golar	bdq	old	92		kraʔ	1580	k r a ʔ	kra7
Bahnar-Golar	bdq	old	92		sɔː	1582	s ɔː	so
Bahnar-Kontum	bdq	old	92		kraʔ	1580	k r a ʔ	kra7
Bahnar-Kontum	bdq	old	92		sɔː	1582	s ɔː	so
Bahnar-Pleiku	bdq	old	92		kraʔ	1580	k r a ʔ	kra7
Bahnar-Kontum	bdq	old	92		sɔː	1582	s ɔː	so
Brao	brb	old	92		kraʔ	1580	k r a ʔ	kra7
Cua	cua	old	92		karaʔ	1580	k a r a ʔ	kara7
Cua	cua	old	92		ɗuːt	1583	ɗ uː t	Tut
Halang	hal	old	92		kraʔ	1580	k r a ʔ	kra7
Halang	hal	old	92		gɛh	1584	g ɛ h	gEh
Jeh	jeh	old	92		rəʔih	1585	r ə ʔ i h	r37ih
Jru-Laven	lbo	old	92		kraʔ	1580	k r a ʔ	kra7
Jru-Laven	lbo	old	92		tɨa	1596	t ɨa	t3a
Mnong-Rölöm	mng	old	92		jaw	1586	j a w	yaw
Mnong-Rölöm	mng	old	92		ʔuraːɲ	1587	ʔ u r aː ɲ	7ura5
Nyaheun	nev	old	92		kraʔ	1580	k r a ʔ	kra7
Rengao	ren	old	92		kraʔ	1580	k r a ʔ	kra7
Sedang	sed	old	92		kra	1580	k r a	kra
Sre	kpm	old	92		kra	1580	k r a	kra
Stieng	sti	old	92		kəmraː	1580	k ə m r aː	k3mra
Bru-Talan	oog	old	92		tiˀiʔ	1596	t iˀi ʔ	tii7
Bru-Talan	oog	old	92		kreˀeŋ	1588	k r eˀe ŋ	kreeN
Bru-Ubon	bru	old	92		ti̤aʔ	1596	t i̤a ʔ	tia7
In	irr	old	92		tḭːh	1596	t ḭː h	th
In	irr	old	92		krḛːŋ	1588	k r ḛː ŋ	krN
Katang	kgd	old	92		tiːa	1596	t iːa	tia
Katang	kgd	old	92		kriːeŋ	1588	k r iːe ŋ	krieN
Katu-AnDiem	ktv	old	92		tiː	1596	t iː	ti
Kui(Sriwises1978)	kdt	old	92		tiː	1596	t iː	ti
Kui(Huffman1979)	kdt	old	92		tiə	1596	t iə	ti3
Mankong	sss	old	92		ti̤aʔ	1596	t i̤a ʔ	tia7
Mankong	sss	old	92		kri̤əŋ	1588	k r i̤ə ŋ	kri3N
Nge'	ngt	old	92		karreːŋ	1588	k a rr eː ŋ	karreN
Nge'	ngt	old	92		tiːʔ	1596	t iː ʔ	ti7
Pacoh	pac	old	92		tiəʔ	1596	t iə ʔ	ti37
So-Khammouane	sss	old	92		ʔaɲɔh	1589	ʔ a ɲ ɔ h	7a5oh
So-SakonNakhon	sss	old	92		ti̤əʔ	1596	t i̤ə ʔ	ti37
Souei-Saravan	kdt	old	92		tiː	1596	t iː	ti
Souei-Saravan	kdt	old	92		kriaŋ	1588	k r ia ŋ	kriaN
TaOi	tto	old	92		tiː	1596	t iː	ti
Khasi	khi	old	92		rim	1589	r i m	rim
Pnar	pbv	old	92		rim	1589	r i m	rim
War-Lamin	aml	old	92		sәrem	1589	s ə r e m	srem
Khmer-Surin	kxm	old	92		ʨah	1590	ʨ a h	Cah
Khmer-Standard	khm	old	92		cah	1590	c a h	Tah
Idu	tyh	old	92		pʰrɛ̰̂ːm	1589	pʰ r ɛ̰̂ː m	ph~rEm
Idu	tyh	old	92		brḭ̂ə	1591	b r ḭ̂ə	br3
Khmu-Cuang	kjg	old	92		ʰmaŋ	1592	ʰm a ŋ	h~maN
Mal-T'in	mlf	old	92		pʰjeːm	1589	pʰ j eː m	ph~yem
Bugan	bbh	old	92		ʑuŋ³¹	1593	ʑ u ŋ	ZuN
Mang	zng	old	92		hum³	1593	h u m	hum
Mang	zng	old	92		pjaː³	1594	p j aː	pya
Mon	mnw	old	92		karem	1589	k a r e m	karem
Mon	mnw	old	92		pjùʔ	1594	p j u ʔ	pyu7
Nyahkur	cbn	old	92		pəcʰùːʔ	1594	p ə cʰ uː ʔ	p3Th~u7
Gorum	pcj	old	92		papur	1595	p a p u r	papur
Kharia	khr	old	92		bair	1595	b ai r	bair
Santali	sat	old	92		haɽam	1597	h a ɽ a m	haram
Sora	srb	old	92		tələɟba	1598	t ə l ə ɟ b a	t3l3Cba
Sora	srb	old	92		papɨr	1595	p a p ɨ r	pap3r
Car	caq	old	92		hətɾɛh	1599	h ə t ɾ ɛ h	h3trEh
Car	caq	old	92		kəɲ	1600	k ə ɲ	k35
Nancowri	ncb	old	92		ʃi	1601	ʃ i	Si
Lawa(Ratanakul)	lcp	old	92		pjaim	1589	p j ai m	pyaim
ManMet	mml	old	92		pʰim⁵⁵	1589	pʰ i m	ph~im
Palaung-Dara'ang	pce	old	92		kăt	1603	k ă t	kt
Palaung-Kalaw	pce	old	92		mɓriːm	1589	m ɓ r iː m	mprim
Palaung-Namhsan	pce	old	92		prim	1589	p r i m	prim
Riang-Sak	ril	old	92		triːm¹	1589	t r iː m	trim
Wa-Praok	prk	old	92		prim	1589	p r i m	prim
Wa-Praok	prk	old	92		rɛ̤ʔ	1602	r ɛ̤ ʔ	rE7
Karii	pkt	old	92		kraː	1580	k r aː	kra
Ruc	scb	old	92		kumɐ̀k⁸	1580	k u m ɐ̀ k	kumak
Vietnamese	vie	old	92		già	1580	g i à	gia
Vietnamese	vie	old	92		trẻ	1591	t r e	tr
Alak	alk	penis	95		lɔʔ	1635	l ɔ ʔ	lo7
Bahnar-Golar	bdq	penis	95		lɔː	1635	l ɔː	lo
Bahnar-Kontum	bdq	penis	95		lɔː	1635	l ɔː	lo
Bahnar-Pleiku	bdq	penis	95		lɔː	1635	l ɔː	lo
Brao	brb	penis	95		lɑʔ	1635	l ɑ ʔ	la7
Cua	cua	penis	95		klaːw	1652	k l aː w	klaw
Halang	hal	penis	95		kəʔwəl	1655	k ə ʔ w ə l	k37w3l
Halang	hal	penis	95		mɛn	1656	m ɛ n	mEn
Jeh	jeh	penis	95		mɛːn	1656	m ɛː n	mEn
Jru-Laven	lbo	penis	95		klaj	1657	k l a j	klay
Nyaheun	nev	penis	95		lɔʔ	1635	l ɔ ʔ	lo7
Rengao	ren	penis	95		mɛ̤m	1656	m ɛ̤ m	mEm
Sedang	sed	penis	95		kəta	1657	k ə t a	k3ta
Sre	kpm	penis	95		lɔc	1645	l ɔ c	loT
Stieng	sti	penis	95		klaːw	1652	k l aː w	klaw
Bru-Talan	oog	penis	95		kəɲjəŋʔ	1658	k ə ɲ j ə ŋ ʔ	k35y3N7
Bru-Ubon	bru	penis	95		klaj	1657	k l a j	klay
In	irr	penis	95		klaj	1657	k l a j	klay
Katang	kgd	penis	95		klaj	1657	k l a j	klay
Katu-AnDiem	ktv	penis	95		gɑːj	1658	g ɑː j	gay
Kui(Sriwises1978)	kdt	penis	95		klaj	1657	k l a j	klay
Kui(Huffman1979)	kdt	penis	95		klaj	1657	k l a j	klay
Mankong	sss	penis	95		klaj	1657	k l a j	klay
Nge'	ngt	penis	95		lɔʔ	1635	l ɔ ʔ	lo7
Pacoh	pac	penis	95		cṵar	1636	c ṵa r	Tar
So-Khammouane	sss	penis	95		klaj	1657	k l a j	klay
So-SakonNakhon	sss	penis	95		təpo̤ʔ	1637	t ə p o̤ ʔ	t3po7
Souei-Saravan	kdt	penis	95		klaj	1657	k l a j	klay
TaOi	tto	penis	95		klɔʔ	1638	k l ɔ ʔ	klo7
Khasi	khi	penis	95		tʰlɔʔ	1638	tʰ l ɔ ʔ	th~lo7
Pnar	pbv	penis	95		tʰlɔʔ	1652	tʰ l ɔ ʔ	th~lo7
War-Lamin	aml	penis	95		tjoŋpra	1639	tjoŋ pra	tyoNpra
Khmer-Surin	kxm	penis	95		kdɑː	1640	k d ɑː	kda
Khmer-Standard	khm	penis	95		kdɑː	1640	k d ɑː	kda
Idu	tyh	penis	95		lê̤w	1641	l ê̤ w	lew
Khmu-Cuang	kjg	penis	95		lok	1642	l o k	lok
Khmu-Cuang	kjg	penis	95		tleʔ	1643	t l e ʔ	tle7
Khmu-Cuang	kjg	penis	95		klaː	1652	k l aː	kla
Khmu-Yuan	kjg	penis	95		lòk	1642	l ò k	lok
Khmu-Yuan	kjg	penis	95		tléʔ	1643	t l é ʔ	tle7
Mal-T'in	mlf	penis	95		ʔoːl	1644	ʔ oː l	7ol
Bugan	bbh	penis	95		ʦɔ¹³	1647	ʦ ɔ	co
Mang	zng	penis	95		ɗua³	1648	ɗ ua	Tua
Mon	mnw	penis	95		pò	1646	p ò	po
Nyahkur	cbn	penis	95		pədɛj	1649	p ə d ɛ j	p3dEy
Gorum	pcj	penis	95		luŋguj	1650	l u ŋ g u j	luNguy
Kharia	khr	penis	95		cuʈulu	1651	cu ʈulu	Tutulu
Santali	sat	penis	95		loc˺	1645	l o c˺	loT
Sora	srb	penis	95		ʌlʌɟ	1645	ʌ l ʌ ɟ	oloC
Car	caq	penis	95		ləc	1645	l ə c	l3T
ManMet	mml	penis	95		lɛ³⁵	1657	l ɛ	lE
Palaung-Kalaw	pce	penis	95		ɗiʔ	1653	ɗ i ʔ	Ti7
Palaung-Namhsan	pce	penis	95		gɔŋ	1654	g ɔ ŋ	goN
Riang-Sak	ril	penis	95		klɛʔ¹	1657	k l ɛ ʔ	klE7
Wa-Praok	prk	penis	95		kliʔ	1657	k l i ʔ	kli7
Karii	pkt	penis	95		loːc	1645	l oː c	loT
Ruc	scb	penis	95		loːc⁸	1645	l oː c	loT
Alak	alk	rat/mouse	100		camaŋ	1750	c a m a ŋ	TamaN
Bahnar-Golar	bdq	rat/mouse	100		kənɛː	1743	k ə n ɛː	k3nE
Bahnar-Kontum	bdq	rat/mouse	100		kənɛː	1743	k ə n ɛː	k3nE
Bahnar-Pleiku	bdq	rat/mouse	100		kənɛː	1743	k ə n ɛː	k3nE
Brao	brb	rat/mouse	100		kəneː	1743	k ə n eː	k3ne
Cua	cua	rat/mouse	100		kaneː	1743	k a n eː	kane
Halang	hal	rat/mouse	100		kənɛː	1743	k ə n ɛː	k3nE
Jeh	jeh	rat/mouse	100		kənɛːj	1743	k ə n ɛː j	k3nEy
Jru-Laven	lbo	rat/mouse	100		knɛː	1743	k n ɛː	knE
Mnong-Rölöm	mng	rat/mouse	100		naj	1743	n a j	nay
Nyaheun	nev	rat/mouse	100		kʰjeːŋ	1751	kʰ j eː ŋ	kh~yeN
Rengao	ren	rat/mouse	100		kəniː	1743	k ə n iː	k3ni
Sedang	sed	rat/mouse	100		kəna̰j	1743	k ə n a̰ j	k3nay
Sre	kpm	rat/mouse	100		ɗɛ	1743	ɗ ɛ	TE
Stieng	sti	rat/mouse	100		kənej	1743	k ə n e j	k3ney
Bru-Talan	oog	rat/mouse	100		bəl	1752	b ə l	b3l
Bru-Ubon	bru	rat/mouse	100		kənaj	1743	k ə n a j	k3nay
In	irr	rat/mouse	100		bəl	1752	b ə l	b3l
Katang	kgd	rat/mouse	100		ʔabɛl	1752	ʔ a b ɛ l	7abEl
Katang	kgd	rat/mouse	100		ʔawɨːəjʔ	1732	ʔ a w ɨːə j ʔ	7aw33y7
Katu-AnDiem	ktv	rat/mouse	100		sɑŋbɔjʔ	1733	sɑŋ bɔjʔ	saNboy7
Kui(Sriwises1978)	kdt	rat/mouse	100		kənaj	1743	k ə n a j	k3nay
Kui(Huffman1979)	kdt	rat/mouse	100		kənajplɛːŋ	1743	kənaj plɛːŋ	k3nayplEN
Mankong	sss	rat/mouse	100		konaj	1743	k o n a j	konay
Nge'	ngt	rat/mouse	100		bɨl	1752	b ɨ l	b3l
Pacoh	pac	rat/mouse	100		ʔaɓil	1752	ʔ a ɓ i l	7apil
So-Khammouane	sss	rat/mouse	100		kunaj	1743	k u n a j	kunay
So-SakonNakhon	sss	rat/mouse	100		kunaitɔːpṳːt	1743	kunai tɔː pṳːt	kunaitopt
Souei-Saravan	kdt	rat/mouse	100		kənaj	1743	k ə n a j	k3nay
TaOi	tto	rat/mouse	100		bəl	1752	b ə l	b3l
Khasi	khi	rat/mouse	100		kʰnaːj	1743	kʰ n aː j	kh~nay
Pnar	pbv	rat/mouse	100		kʰne	1743	kʰ n e	kh~ne
War-Lamin	aml	rat/mouse	100		kʰna	1743	kʰ n a	kh~na
Khmer-Surin	kxm	rat/mouse	100		knʌr	1734	k n ʌ r	knor
Khmer-Standard	khm	rat/mouse	100		kɑndol	1734	k ɑ n d o l	kandol
Idu	tyh	rat/mouse	100		kanâ̰j	1743	k a n â̰ j	kanay
Khmu-Cuang	kjg	rat/mouse	100		kneʔ	1743	k n e ʔ	kne7
Khmu-Yuan	kjg	rat/mouse	100		knéʔ	1743	k n é ʔ	kne7
Mal-T'in	mlf	rat/mouse	100		nsoːm	1735	n s oː m	nsom
Mal-T'in	mlf	rat/mouse	100		mpjɛː	1736	m p j ɛː	mpyE
Bugan	bbh	rat/mouse	100		ȵa³³ʦa̱ŋ⁵⁵	1737	ȵa³³ ʦa̱ŋ⁵⁵	5acaN
Bugan	bbh	rat/mouse	100		ȵa³³ɕɔ̱³⁵	1738	ȵa³³ ɕɔ̱³⁵	5aSo
Mang	zng	rat/mouse	100		ʔoːŋ¹	1739	ʔ oː ŋ	7oN
Mon	mnw	rat/mouse	100		nəɛʔ	1743	n əɛ ʔ	n3E7
Nyahkur	cbn	rat/mouse	100		hníːʔ	1743	h n íː ʔ	hni7
Gorum	pcj	rat/mouse	100		karkaˀd	1740	k a r k aˀ d	karkad
Gorum	pcj	rat/mouse	100		kuntur	1741	k u n t u r	kuntur
Kharia	khr	rat/mouse	100		cuˈʈia	1742	c u ˈʈ ia	Tutia
Kharia	khr	rat/mouse	100		ˈkɔnɛ	1743	ˈk ɔ n ɛ	konE
Santali	sat	rat/mouse	100		guɖu	1742	g u ɖ u	gudu
Sora	srb	rat/mouse	100		ˈkumbul	1752	ˈk u m b u l	kumbul
Car	caq	rat/mouse	100		kumit	1744	k u m i t	kumit
Nancowri	ncb	rat/mouse	100		komet	1744	k o m e t	komet
Lawa(Ratanakul)	lcp	rat/mouse	100		kʰɨəŋ	1745	kʰ ɨə ŋ	kh~33N
ManMet	mml	rat/mouse	100		asek³³	1748	a sek³³	asek
Palaung-Dara'ang	pce	rat/mouse	100		man̥aj	1743	m a n̥ a j	manay
Palaung-Kalaw	pce	rat/mouse	100		mahnaːj	1743	ma hnaːj	mahnay
Palaung-Namhsan	pce	rat/mouse	100		katet	1746	k a t e t	katet
Riang-Sak	ril	rat/mouse	100		kʰrɔm¹	1747	kʰ r ɔ m	kh~rom
Wa-Praok	prk	rat/mouse	100		ki̤aŋ	1745	k i̤a ŋ	kiaN
Ruc	scb	rat/mouse	100		kəneː³	1743	k ə n eː	k3ne
Vietnamese	vie	rat/mouse	100		chuột	1749	c h u o t	Thut
Alak	alk	river	106		mɛːtʻaːk	1857	mɛː tʻaːk	mEtak
Bahnar-Golar	bdq	river	106		krɔːŋ	1858	k r ɔː ŋ	kroN
Bahnar-Kontum	bdq	river	106		krɔːŋ	1858	k r ɔː ŋ	kroN
Bahnar-Pleiku	bdq	river	106		krɔːŋ	1858	k r ɔː ŋ	kroN
Bahnar-Pleiku	bdq	river	106		gluːŋ	1856	g l uː ŋ	gluN
Brao	brb	river	106		dənaj	1859	d ə n a j	d3nay
Brao	brb	river	106		ʔbaːŋ	1834	ʔ b aː ŋ	7baN
Cua	cua	river	106		ləːk	1835	l əː k	l3k
Halang	hal	river	106		daːkkrɔaŋ	1858	daːk krɔaŋ	dakkroaN
Jeh	jeh	river	106		daːkmi̤h	1857	daːk mi̤h	dakmih
Mnong-Rölöm	mng	river	106		kroːŋ	1858	k r oː ŋ	kroN
Nyaheun	nev	river	106		ɲrɔh	1837	ɲ r ɔ h	5roh
Rengao	ren	river	106		daːk	1857	d aː k	dak
Rengao	ren	river	106		daːkkrɔːŋ	1858	daːk krɔːŋ	dakkroN
Sedang	sed	river	106		krɔ̰əŋ	1858	k r ɔ̰ə ŋ	kro3N
Bru-Talan	oog	river	106		dəˀəʔkrejh	1838	dəˀəʔ krejh	d337kreyh
In	irr	river	106		hṵar	1839	h ṵa r	har
Katang	kgd	river	106		dəːʔpɨːt	1836	dəːʔ pɨːt	d37p3t
Katang	kgd	river	106		tʊːm	1840	t ʊː m	tum
Katu-AnDiem	ktv	river	106		karuːŋ	1858	k a r uː ŋ	karuN
Kui(Huffman1979)	kdt	river	106		mɛːdeaʔ	1857	m ɛː d ea ʔ	mEdea7
Mankong	sss	river	106		tuːm	1840	t uː m	tum
Nge'	ngt	river	106		dʌːʔ	1857	d ʌː ʔ	do7
Pacoh	pac	river	106		ɗaːʔ	1857	ɗ aː ʔ	Ta7
So-Khammouane	sss	river	106		mpe̤ʔdəʔ	1857	mpe̤ʔ dəʔ	mpe7d37
So-SakonNakhon	sss	river	106		dəʔ	1857	d ə ʔ	d37
Souei-Saravan	kdt	river	106		pʽeːʔdaːʔ	1857	pʽeːʔ daːʔ	pe7da7
TaOi	tto	river	106		dəːʔkrəs	1838	dəːʔ krəs	d37kr3s
Khasi	khi	river	106		waʔ	1841	w a ʔ	wa7
Pnar	pbv	river	106		waʔ	1841	w a ʔ	wa7
War-Lamin	aml	river	106		ʔam	1842	ʔ a m	7am
Khmer-Standard	khm	river	106		tùənleː	1838	t u ə n l eː	tu3nle
Khmer-Standard	khm	river	106		ʔoː	1843	ʔ oː	7o
Idu	tyh	river	106		mɛ̰̂ːpâ̰j	1844	mɛ̰̂ː pâ̰j	mEpay
Khmu-Cuang	kjg	river	106		ʔom	1842	ʔ o m	7om
Khmu-Yuan	kjg	river	106		ʔòm	1842	ʔ ò m	7om
Mal-T'in	mlf	river	106		hroŋ	1858	h r o ŋ	hroN
Bugan	bbh	river	106		ɣou⁵⁵	1845	ɣ ou	xou
Bugan	bbh	river	106		ho³⁵	1846	h o	ho
Mang	zng	river	106		ʑum	1847	ʑ u m	Zum
Mon	mnw	river	106		bi	1848	b i	bi
Mon	mnw	river	106		krəŋ	1858	k r ə ŋ	kr3N
Nyahkur	cbn	river	106		króːŋ	1858	k r óː ŋ	kroN
Gorum	pcj	river	106		kinɖaʔ	1857	k i n ɖ a ʔ	kinda7
Kharia	khr	river	106		ɟor	1849	ɟ o r	Cor
Kharia	khr	river	106		ɡɑʔɽhɑ	1850	ɡ ɑ ʔ ɽ h ɑ	ga7rha
Santali	sat	river	106		ɡaɽa	1850	ɡ a ɽ a	gara
Sora	srb	river	106		ɟoːl	1849	ɟ oː l	Col
Sora	srb	river	106		ɟoɖa	1850	ɟ o ɖ a	Coda
Car	caq	river	106		taheːl	1851	t a h eː l	tahel
Nancowri	ncb	river	106		daktakaru	1857	d a k t a k a r u	daktakaru
Nancowri	ncb	river	106		riáktwuá	1857	r iá k t w uá	riaktwua
ManMet	mml	river	106		om³¹lɤn³¹	1842	om³¹ lɤn³¹	omlon
Palaung-Dara'ang	pce	river	106		blεŋ	1852	b l ε ŋ	blN
Palaung-Kalaw	pce	river	106		ɓleːk	1852	ɓ l eː k	plek
Palaung-Namhsan	pce	river	106		lɔʔ	1853	l ɔ ʔ	lo7
Riang-Sak	ril	river	106		kruŋ²	1858	k r u ŋ	kruN
Wa-Praok	prk	river	106		rɔŋ	1858	r ɔ ŋ	roN
Karii	pkt	river	106		hɔːŋʔ	1855	h ɔː ŋ ʔ	hoN7
Ruc	scb	river	106		ʈɔːk⁷	1854	ʈ ɔː k	tok
Vietnamese	vie	river	106		sông	1858	s ô n g	song
Alak	alk	road/path	107		ntuːŋ	1880	n t uː ŋ	ntuN
Bahnar-Golar	bdq	road/path	107		trɔːŋ	1879	t r ɔː ŋ	troN
Bahnar-Kontum	bdq	road/path	107		trɔːŋ	1879	t r ɔː ŋ	troN
Bahnar-Pleiku	bdq	road/path	107		trɔːŋ	1879	t r ɔː ŋ	troN
Brao	brb	road/path	107		truːŋ	1879	t r uː ŋ	truN
Cua	cua	road/path	107		truək	1879	t r uə k	tru3k
Halang	hal	road/path	107		trɔaŋ	1879	t r ɔa ŋ	troaN
Jeh	jeh	road/path	107		trṳaŋ	1879	t r ṳa ŋ	traN
Jru-Laven	lbo	road/path	107		truoŋ	1879	t r uo ŋ	truoN
Mnong-Rölöm	mng	road/path	107		troːŋ	1879	t r oː ŋ	troN
Nyaheun	nev	road/path	107		truoŋ	1879	t r uo ŋ	truoN
Rengao	ren	road/path	107		trɔːŋ	1879	t r ɔː ŋ	troN
Sedang	sed	road/path	107		trɔ̰əŋ	1879	t r ɔ̰ə ŋ	tro3N
Sre	kpm	road/path	107		guŋ	1860	g u ŋ	guN
Stieng	sti	road/path	107		trɔːŋ	1879	t r ɔː ŋ	troN
Bru-Talan	oog	road/path	107		kərnaˀa	1861	k ə r n aˀa	k3rnaa
Bru-Ubon	bru	road/path	107		rənaː	1861	r ə n aː	r3na
In	irr	road/path	107		kʰanun	1862	kʰ a n u n	kh~anun
Katang	kgd	road/path	107		kʰənʊn	1862	kʰ ə n ʊ n	kh~3nun
Katu-AnDiem	ktv	road/path	107		kalʌŋ	1878	k a l ʌ ŋ	kaloN
Katu-AnDiem	ktv	road/path	107		canoː	1863	c a n oː	Tano
Kui(Sriwises1978)	kdt	road/path	107		kənaː	1861	k ə n aː	k3na
Kui(Huffman1979)	kdt	road/path	107		kənaː	1861	k ə n aː	k3na
Mankong	sss	road/path	107		rənaː	1861	r ə n aː	r3na
Nge'	ngt	road/path	107		karnaː	1861	k a r n aː	karna
Pacoh	pac	road/path	107		kərnaː	1861	k ə r n aː	k3rna
So-Khammouane	sss	road/path	107		rənaː	1861	r ə n aː	r3na
So-SakonNakhon	sss	road/path	107		rənaː	1861	r ə n aː	r3na
Souei-Saravan	kdt	road/path	107		kʰənaː	1861	kʰ ə n aː	kh~3na
TaOi	tto	road/path	107		kʰənun	1861	kʰ ə n u n	kh~3nun
Khasi	khi	road/path	107		lnti	1864	l n t i	lnti
Pnar	pbv	road/path	107		luti	1864	l u t i	luti
War-Lamin	aml	road/path	107		sərɒk	1865	s ə r ɒ k	s3rok
Khmer-Surin	kxm	road/path	107		tʰnɑl	1866	tʰ n ɑ l	th~nal
Khmer-Surin	kxm	road/path	107		pʰlʌw	1867	pʰ l ʌ w	ph~low
Khmer-Standard	khm	road/path	107		pləw	1867	p l ə w	pl3w
Khmer-Standard	khm	road/path	107		tnɑl	1866	t n ɑ l	tnal
Idu	tyh	road/path	107		kʰrûŋ̱	1868	kʰ r u ŋ̱	kh~rN
Khmu-Cuang	kjg	road/path	107		ŋɔːr	1869	ŋ ɔː r	Nor
Khmu-Yuan	kjg	road/path	107		ŋɔ̀ːr	1869	ŋ ɔ̀ː r	Nor
Mal-T'in	mlf	road/path	107		jɔːŋ	1868	j ɔː ŋ	yoN
Mal-T'in	mlf	road/path	107		lúː	1870	l úː	lu
Mal-T'in	mlf	road/path	107		sɔːk	1871	s ɔː k	sok
Bugan	bbh	road/path	107		ho⁵⁵ʦu³³	1872	ho⁵⁵ ʦu³³	hocu
Mang	zng	road/path	107		ʑaː¹	1861	ʑ aː	Za
Mon	mnw	road/path	107		klɑŋ	1878	k l ɑ ŋ	klaN
Nyahkur	cbn	road/path	107		trɤ́w	1873	t r ɤ́ w	trow
Gorum	pcj	road/path	107		kuroŋ	1868	k u r o ŋ	kuroN
Kharia	khr	road/path	107		goʔɖɟhuŋ	1875	g o ʔ ɖ ɟ h u ŋ	go7dChuN
Kharia	khr	road/path	107		saɽak	1874	s a ɽ a k	sarak
Santali	sat	road/path	107		hɔr	1861	h ɔ r	hor
Sora	srb	road/path	107		ɡɔdtaŋ	1868	ɡ ɔ d t a ŋ	godtaN
Sora	srb	road/path	107		ˈtɑŋɡoːr	1876	ˈt ɑ ŋ ɡ oː r	taNgor
Car	caq	road/path	107		kanɾəːna	1861	k a n ɾ əː n a	kanr3na
Nancowri	ncb	road/path	107		kaji	1861	k a j i	kayi
Nancowri	ncb	road/path	107		kejawa	1861	k e j a w a	keyawa
Lawa(Ratanakul)	lcp	road/path	107		kjaʔ	1861	k j a ʔ	kya7
ManMet	mml	road/path	107		aɣɔŋ³¹	1868	a ɣɔŋ³¹	axoN
Palaung-Dara'ang	pce	road/path	107		nteɲ	1877	n t e ɲ	nte5
Palaung-Kalaw	pce	road/path	107		nteːŋ	1877	n t eː ŋ	nteN
Palaung-Namhsan	pce	road/path	107		deŋ	1877	d e ŋ	deN
Riang-Sak	ril	road/path	107		rɤŋ²ɗeŋ¹	1877	rɤŋ² ɗeŋ¹	roNTeN
Wa-Praok	prk	road/path	107		kraʔ	1861	k r a ʔ	kra7
Karii	pkt	road/path	107		kuraːʔ	1861	k u r aː ʔ	kura7
Vietnamese	vie	road/path	107		sá	1861	s á	sa
Alak	alk	root	108		rɛːh	1881	r ɛː h	rEh
Bahnar-Golar	bdq	root	108		rəh	1881	r ə h	r3h
Bahnar-Kontum	bdq	root	108		rəh	1881	r ə h	r3h
Bahnar-Pleiku	bdq	root	108		rəh	1881	r ə h	r3h
Brao	brb	root	108		riax	1881	r ia x	riax
Cua	cua	root	108		reah	1881	r ea h	reah
Halang	hal	root	108		riəh	1881	r iə h	ri3h
Jeh	jeh	root	108		riaç	1881	r ia ç	riaS
Jru-Laven	lbo	root	108		rias	1881	r ia s	rias
Mnong-Rölöm	mng	root	108		rɛh	1881	r ɛ h	rEh
Nyaheun	nev	root	108		riah	1881	r ia h	riah
Rengao	ren	root	108		rih	1881	r i h	rih
Sedang	sed	root	108		rɛj	1881	r ɛ j	rEy
Sre	kpm	root	108		rias	1881	r ia s	rias
Stieng	sti	root	108		drieh	1881	d r ie h	drieh
Bru-Talan	oog	root	108		riˀajh	1881	r iˀa j h	riayh
Bru-Ubon	bru	root	108		re̤ːh	1881	r e̤ː h	reh
In	irr	root	108		rḭajh	1881	r ḭa j h	rayh
Katang	kgd	root	108		riːeh	1881	r iːe h	rieh
Katu-AnDiem	ktv	root	108		rieh	1881	r ie h	rieh
Kui(Sriwises1978)	kdt	root	108		rɛ̀h	1881	r ɛ̀ h	rEh
Kui(Huffman1979)	kdt	root	108		lɛ̤h	1881	l ɛ̤ h	lEh
Mankong	sss	root	108		re̤ːh	1881	r e̤ː h	reh
Nge'	ngt	root	108		rias	1881	r ia s	rias
Pacoh	pac	root	108		rḭas	1881	r ḭa s	ras
So-Khammouane	sss	root	108		re̤h	1881	r e̤ h	reh
So-SakonNakhon	sss	root	108		re̤h	1881	r e̤ h	reh
Souei-Saravan	kdt	root	108		rɛːh	1881	r ɛː h	rEh
TaOi	tto	root	108		rias	1881	r ia s	rias
Khasi	khi	root	108		tɨnraːj	1881	t ɨ n r aː j	t3nray
Pnar	pbv	root	108		treː	1881	t r eː	tre
War-Lamin	aml	root	108		ʃit	1883	ʃ i t	Sit
Khmer-Surin	kxm	root	108		rɯh	1881	r ɯ h	ruh
Khmer-Standard	khm	root	108		rɨh	1881	r ɨ h	r3h
Idu	tyh	root	108		rîə	1881	r îə	ri3
Khmu-Cuang	kjg	root	108		riəs	1881	r iə s	ri3s
Khmu-Yuan	kjg	root	108		rìas	1881	r ìa s	rias
Mal-T'in	mlf	root	108		kiəs	1881	k iə s	ki3s
Bugan	bbh	root	108		ɣa̱ɯ̱¹³	1881	ɣ a̱ɯ̱	xau
Mon	mnw	root	108		rə̀h	1881	r ə̀ h	r3h
Nyahkur	cbn	root	108		rìh	1881	r ì h	rih
Gorum	pcj	root	108		unloˀb	1885	u n l oˀ b	unlob
Kharia	khr	root	108		ɟuˑˀɖ	1886	ɟ uˑˀ ɖ	Cud
Santali	sat	root	108		səɽim	1882	s ə ɽ i m	s3rim
Santali	sat	root	108		rehet˺	1881	r e h e t˺	rehet
Sora	srb	root	108		ɟʔed	1884	ɟ ʔ e d	C7ed
Car	caq	root	108		reh	1881	r e h	reh
Nancowri	ncb	root	108		jiah	1881	j ia h	yiah
Lawa(Ratanakul)	lcp	root	108		ɣɛh	1881	ɣ ɛ h	xEh
ManMet	mml	root	108		ɡɛh³¹seʔ⁵³	1881	ɡɛh³¹ seʔ⁵³	gEhse7
Palaung-Dara'ang	pce	root	108		riah	1881	r ia h	riah
Palaung-Kalaw	pce	root	108		riahhəj	1881	riah həj	riahh3y
Palaung-Namhsan	pce	root	108		riər	1881	r iə r	ri3r
Riang-Sak	ril	root	108		rias²	1881	r ia s	rias
Wa-Praok	prk	root	108		ri̤ah	1881	r i̤a h	riah
Wa-Praok	prk	root	108		num	1881	n u m	num
Karii	pkt	root	108		lɛːrh	1881	l ɛː r h	lErh
Ruc	scb	root	108		liɛlʰ¹	1881	l iɛ lʰ	liElh~
Vietnamese	vie	root	108		rễ	1881	r e	r
Alak	alk	sand	111		pʻahaːc	1937	pʻ a h aː c	pahaT
Brao	brb	sand	111		pʰaːc	1937	pʰ aː c	ph~aT
Jru-Laven	lbo	sand	111		pʰaːc	1937	pʰ aː c	ph~aT
Nyaheun	nev	sand	111		pʰaːc	1937	pʰ aː c	ph~aT
Sedang	sed	sand	111		prɛj	1940	p r ɛ j	prEy
Sre	kpm	sand	111		bras	1940	b r a s	bras
Stieng	sti	sand	111		kərʃɛː	1941	k ə r ʃ ɛː	k3rSE
Bru-Ubon	bru	sand	111		səŋaːc	1942	s ə ŋ aː c	s3NaT
In	irr	sand	111		həkaːjʔ	1923	h ə k aː j ʔ	h3kay7
Katang	kgd	sand	111		həŋaːjʔ	1942	h ə ŋ aː j ʔ	h3Nay7
Kui(Sriwises1978)	kdt	sand	111		skaːc	1923	s k aː c	skaT
Kui(Huffman1979)	kdt	sand	111		səŋkaːc	1923	s ə ŋ k aː c	s3NkaT
Mankong	sss	sand	111		səŋaːjʔ	1942	s ə ŋ aː j ʔ	s3Nay7
Nge'	ngt	sand	111		hankɛɲ	1924	h a n k ɛ ɲ	hankE5
So-SakonNakhon	sss	sand	111		jaːŋ	1925	j aː ŋ	yaN
TaOi	tto	sand	111		həkaːjʔ	1923	h ə k aː j ʔ	h3kay7
Khasi	khi	sand	111		ʃʔiap	1926	ʃ ʔ ia p	S7iap
Pnar	pbv	sand	111		ʔucʰʔiap	1926	ʔu cʰʔiap	7uTh~7iap
War-Lamin	aml	sand	111		sərvʊ	1927	s ə r v ʊ	s3rvu
Khmer-Surin	kxm	sand	111		ksac	1939	k s a c	ksaT
Khmer-Standard	khm	sand	111		kʰsac	1939	kʰ s a c	kh~saT
Idu	tyh	sand	111		hàŋká̰ːj	1923	h à ŋ k á̰ː j	haNkay
Khmu-Cuang	kjg	sand	111		sreh	1928	s r e h	sreh
Khmu-Yuan	kjg	sand	111		créːs	1928	c r éː s	Tres
Mal-T'in	mlf	sand	111		kʰaːŋ	1929	kʰ aː ŋ	kh~aN
Bugan	bbh	sand	111		e⁵⁵e⁵⁵	1930	e e	ee
Mang	zng	sand	111		ʔaː²mat⁷	1931	ʔaː² mat⁷	7amat
Mon	mnw	sand	111		hatɑɛ	1932	h a t ɑɛ	hataE
Nyahkur	cbn	sand	111		háːt	1933	h áː t	hat
Gorum	pcj	sand	111		lakiɟ	1923	l a k i ɟ	lakiC
Kharia	khr	sand	111		rɔkɛˀɖ	1923	r ɔ k ɛˀ ɖ	rokEd
Santali	sat	sand	111		gitil	1932	g i t i l	gitil
Sora	srb	sand	111		lʌkɨɟ	1923	l ʌ k ɨ ɟ	lok3C
Car	caq	sand	111		kujjajjə	1934	k u jj a jj ə	kuyyayy3
Nancowri	ncb	sand	111		jaja	1934	j a j a	yaya
Lawa(Ratanakul)	lcp	sand	111		hmaic	1935	h m ai c	hmaiT
ManMet	mml	sand	111		asat³³	1939	a sat³³	asat
Palaung-Dara'ang	pce	sand	111		kahajʔ	1939	ka hajʔ	kahay7
Palaung-Kalaw	pce	sand	111		kʰrop	1936	kʰ r o p	kh~rop
Wa-Praok	prk	sand	111		mʰac	1935	mʰ a c	mh~aT
Karii	pkt	sand	111		karàːŋ	1938	k a r àː ŋ	karaN
Ruc	scb	sand	111		təkác	1923	t ə k á c	t3kaT
Vietnamese	vie	sand	111		cát	1923	c á t	Tat
Bahnar-Kontum	bdq	shame/ashamed	115		kədəʔ	2040	k ə d ə ʔ	k3d37
Bahnar-Pleiku	bdq	shame/ashamed	115		kədəʔ	2040	k ə d ə ʔ	k3d37
Cua	cua	shame/ashamed	115		kamɨːl	2041	k a m ɨː l	kam3l
Halang	hal	shame/ashamed	115		kəʔmaːs	2043	k ə ʔ m aː s	k37mas
Jeh	jeh	shame/ashamed	115		kəmajh	2043	k ə m a j h	k3mayh
Jru-Laven	lbo	shame/ashamed	115		kmaːl	2041	k m aː l	kmal
Mnong-Rölöm	mng	shame/ashamed	115		ɟiːtoːr	2044	ɟiː toːr	Citor
Mnong-Rölöm	mng	shame/ashamed	115		preːŋ	2042	p r eː ŋ	preN
Nyaheun	nev	shame/ashamed	115		mmaːw	2041	mm aː w	mmaw
Rengao	ren	shame/ashamed	115		kəmɛç	2043	k ə m ɛ ç	k3mES
Sedang	sed	shame/ashamed	115		kəmɛj	2043	k ə m ɛ j	k3mEy
Sre	kpm	shame/ashamed	115		basil	2045	b a s i l	basil
Bru-Talan	oog	shame/ashamed	115		kədaˀah	2040	k ə d aˀa h	k3daah
Bru-Ubon	bru	shame/ashamed	115		kumaːl	2041	k u m aː l	kumal
Katang	kgd	shame/ashamed	115		kəmaːl	2041	k ə m aː l	k3mal
Katu-AnDiem	ktv	shame/ashamed	115		kaciːt	2019	k a c iː t	kaTit
Katu-AnDiem	ktv	shame/ashamed	115		tapanuː	2020	t a p a n uː	tapanu
Kui(Sriwises1978)	kdt	shame/ashamed	115		sɑŋ	2021	s ɑ ŋ	saN
Kui(Huffman1979)	kdt	shame/ashamed	115		tʰrɑŋ	2021	tʰ r ɑ ŋ	th~raN
Mankong	sss	shame/ashamed	115		kumaːl	2041	k u m aː l	kumal
Nge'	ngt	shame/ashamed	115		kamaːs	2043	k a m aː s	kamas
Pacoh	pac	shame/ashamed	115		ʔaciət	2019	ʔ a c iə t	7aTi3t
So-Khammouane	sss	shame/ashamed	115		rəpi̤əŋ	2022	r ə p i̤ə ŋ	r3pi3N
So-SakonNakhon	sss	shame/ashamed	115		ləpi̤əŋ	2022	l ə p i̤ə ŋ	l3pi3N
Souei-Saravan	kdt	shame/ashamed	115		srɔŋ	2021	s r ɔ ŋ	sroN
TaOi	tto	shame/ashamed	115		kədaːh	2023	k ə d aː h	k3dah
Khasi	khi	shame/ashamed	115		kʰeinburom	2024	kʰein burom	kh~einburom
Pnar	pbv	shame/ashamed	115		sɲiawsarɔm	2025	sɲiaw sarɔm	s5iawsarom
War-Lamin	aml	shame/ashamed	115		mərʊə	2024	m ə r ʊə	m3ru3
Khmer-Standard	khm	shame/ashamed	115		crəɲ	2021	c r ə ɲ	Tr35
Khmer-Standard	khm	shame/ashamed	115		kmah	2043	k m a h	kmah
Idu	tyh	shame/ashamed	115		krâ̰ːɲ	2026	k r â̰ː ɲ	kra5
Khmu-Cuang	kjg	shame/ashamed	115		raːm	2027	r aː m	ram
Khmu-Cuang	kjg	shame/ashamed	115		ʔɛːɲ	2028	ʔ ɛː ɲ	700000
Khmu-Yuan	kjg	shame/ashamed	115		ʔə̀ːɲ	2028	ʔ ə̀ː ɲ	735
Mon	mnw	shame/ashamed	115		twa	2029	t w a	twa
Nyahkur	cbn	shame/ashamed	115		kʰwàːʔ	2029	kʰ w àː ʔ	kh~wa7
Gorum	pcj	shame/ashamed	115		guroˀɟ	2031	g u r oˀ ɟ	guroC
Kharia	khr	shame/ashamed	115		ˈɡiɔl	2030	ˈɡ iɔ l	giol
Santali	sat	shame/ashamed	115		laɟaw	2032	l a ɟ a w	laCaw
Sora	srb	shame/ashamed	115		ɡʌrɔɟ	2031	ɡ ʌ r ɔ ɟ	goroC
Nancowri	ncb	shame/ashamed	115		dalŋato	2033	d a l ŋ a t o	dalNato
Lawa(Ratanakul)	lcp	shame/ashamed	115		naʔ	2034	n a ʔ	na7
ManMet	mml	shame/ashamed	115		ȵɔŋ³¹kan³¹	2039	ȵɔŋ³¹ kan³¹	5oNkan
Palaung-Dara'ang	pce	shame/ashamed	115		saːj	2035	s aː j	say
Palaung-Kalaw	pce	shame/ashamed	115		saːj	2035	s aː j	say
Palaung-Namhsan	pce	shame/ashamed	115		kəse	2035	k ə s e	k3se
Riang-Sak	ril	shame/ashamed	115		kᵊseʔ¹	2035	kᵊ s e ʔ	kse7
Wa-Praok	prk	shame/ashamed	115		ka̤c	2036	k a̤ c	kaT
Karii	pkt	shame/ashamed	115		kuleː	2037	k u l eː	kule
Vietnamese	vie	shame/ashamed	115		xâuhổ	2038	xâu hổ	xauh
Alak	alk	sharp (edged)	116		muːt	2072	m uː t	mut
Alak	alk	sharp (edged)	116		cəkaːr	2075	c ə k aː r	T3kar
Bahnar-Golar	bdq	sharp (edged)	116		haːn	2076	h aː n	han
Bahnar-Kontum	bdq	sharp (edged)	116		haːn	2076	h aː n	han
Bahnar-Pleiku	bdq	sharp (edged)	116		haːn	2076	h aː n	han
Brao	brb	sharp (edged)	116		mut	2072	m u t	mut
Cua	cua	sharp (edged)	116		pujʔ	2078	p u j ʔ	puy7
Halang	hal	sharp (edged)	116		ruːt	2046	r uː t	rut
Jeh	jeh	sharp (edged)	116		plaːɟɛːj	2050	plaː ɟɛːj	plaCEy
Jru-Laven	lbo	sharp (edged)	116		muːt	2072	m uː t	mut
Mnong-Rölöm	mng	sharp (edged)	116		briʔ	2047	b r i ʔ	bri7
Mnong-Rölöm	mng	sharp (edged)	116		cʰip	2048	cʰ i p	Th~ip
Mnong-Rölöm	mng	sharp (edged)	116		cak	2049	c a k	Tak
Nyaheun	nev	sharp (edged)	116		plaː	2050	p l aː	pla
Rengao	ren	sharp (edged)	116		haːn	2076	h aː n	han
Sedang	sed	sharp (edged)	116		hḛn	2076	h ḛ n	hn
Sre	kpm	sharp (edged)	116		sout	2077	s ou t	sout
Stieng	sti	sharp (edged)	116		cʰoːt	2077	cʰ oː t	Th~ot
Bru-Talan	oog	sharp (edged)	116		bak	2051	b a k	bak
Bru-Ubon	bru	sharp (edged)	116		plaː	2050	p l aː	pla
In	irr	sharp (edged)	116		bak	2051	b a k	bak
Katang	kgd	sharp (edged)	116		blaː	2050	b l aː	bla
Katu-AnDiem	ktv	sharp (edged)	116		ləp	2052	l ə p	l3p
Katu-AnDiem	ktv	sharp (edged)	116		dik	2053	d i k	dik
Kui(Sriwises1978)	kdt	sharp (edged)	116		bɨʔ	2051	b ɨ ʔ	b37
Kui(Huffman1979)	kdt	sharp (edged)	116		ləhiəŋ	2054	l ə h iə ŋ	l3hi3N
Nge'	ngt	sharp (edged)	116		bak	2051	b a k	bak
Nge'	ngt	sharp (edged)	116		hɛŋ	2074	h ɛ ŋ	hEN
Pacoh	pac	sharp (edged)	116		hɛŋ	2074	h ɛ ŋ	hEN
So-SakonNakhon	sss	sharp (edged)	116		bɨk	2051	b ɨ k	b3k
TaOi	tto	sharp (edged)	116		bak	2051	b a k	bak
Khasi	khi	sharp (edged)	116		nep	2052	n e p	nep
Pnar	pbv	sharp (edged)	116		nɛp	2055	n ɛ p	nEp
War-Lamin	aml	sharp (edged)	116		nep	2055	n e p	nep
Khmer-Surin	kxm	sharp (edged)	116		mut	2072	m u t	mut
Khmer-Standard	khm	sharp (edged)	116		mut	2072	m u t	mut
Idu	tyh	sharp (edged)	116		dàmbâ̰ːr	2056	d à m b â̰ː r	dambar
Khmu-Cuang	kjg	sharp (edged)	116		ʔoh	2057	ʔ o h	7oh
Khmu-Yuan	kjg	sharp (edged)	116		ʔòh	2057	ʔ ò h	7oh
Mal-T'in	mlf	sharp (edged)	116		lən	2058	l ə n	l3n
Bugan	bbh	sharp (edged)	116		kʰa⁵⁵	2059	kʰ a	kh~a
Mang	zng	sharp (edged)	116		lɔm⁴	2060	l ɔ m	lom
Mon	mnw	sharp (edged)	116		keak	2061	k ea k	keak
Nyahkur	cbn	sharp (edged)	116		lɔ̀ːp	2052	l ɔ̀ː p	lop
Gorum	pcj	sharp (edged)	116		asuˀb	2062	a s uˀ b	asub
Kharia	khr	sharp (edged)	116		ɟɑˀɖ	2063	ɟ ɑˀ ɖ	Cad
Kharia	khr	sharp (edged)	116		cokh	2064	c o k h	Tokh
Santali	sat	sharp (edged)	116		laser	2065	l a s e r	laser
Sora	srb	sharp (edged)	116		ənəsɨb	2062	ə n ə s ɨ b	3n3s3b
Car	caq	sharp (edged)	116		səcɲakuː	2066	səc ɲakuː	s3T5aku
Nancowri	ncb	sharp (edged)	116		ʃoŋ	2067	ʃ o ŋ	SoN
Lawa(Ratanakul)	lcp	sharp (edged)	116		lɔm	2060	l ɔ m	lom
ManMet	mml	sharp (edged)	116		lɤp⁵³	2052	l ɤ p	lop
Palaung-Dara'ang	pce	sharp (edged)	116		lăm	2060	l ă m	lm
Palaung-Kalaw	pce	sharp (edged)	116		suaʔ	2068	s ua ʔ	sua7
Palaung-Namhsan	pce	sharp (edged)	116		ləm	2060	l ə m	l3m
Riang-Sak	ril	sharp (edged)	116		kut²	2069	k u t	kut
Wa-Praok	prk	sharp (edged)	116		lɔ̤m	2060	l ɔ̤ m	lom
Karii	pkt	sharp (edged)	116		loːɲ	2070	l oː ɲ	lo5
Ruc	scb	sharp (edged)	116		lɨ́ːk	2073	l ɨ́ː k	l3k
Vietnamese	vie	sharp (edged)	116		vót	2071	v ó t	vot
Alak	alk	smoke	121		nʔjuːj	2161	n ʔ j uː j	n7yuy
Bahnar-Golar	bdq	smoke	121		ʔɲuːj	2161	ʔ ɲ uː j	75uy
Bahnar-Kontum	bdq	smoke	121		ʔɲuːj	2161	ʔ ɲ uː j	75uy
Bahnar-Pleiku	bdq	smoke	121		ʔɲuːj	2161	ʔ ɲ uː j	75uy
Brao	brb	smoke	121		ɲuːj	2161	ɲ uː j	5uy
Cua	cua	smoke	121		ʔɲuːj	2161	ʔ ɲ uː j	75uy
Halang	hal	smoke	121		ʔɲṳəj	2161	ʔ ɲ ṳə j	753y
Jeh	jeh	smoke	121		ʔɲṳaj	2161	ʔ ɲ ṳa j	75ay
Jru-Laven	lbo	smoke	121		ʔɲuːj	2161	ʔ ɲ uː j	75uy
Mnong-Rölöm	mng	smoke	121		ɲue	2161	ɲ ue	5ue
Nyaheun	nev	smoke	121		ʔɲue	2161	ʔ ɲ ue	75ue
Rengao	ren	smoke	121		ɲo̤ːj	2161	ɲ o̤ː j	5oy
Sedang	sed	smoke	121		ɲoj	2161	ɲ o j	5oy
Sre	kpm	smoke	121		ɲhu	2162	ɲ h u	5hu
Stieng	sti	smoke	121		ɲuːk	2162	ɲ uː k	5uk
Bru-Talan	oog	smoke	121		kərɲiˀiʔ	2164	k ə r ɲ iˀi ʔ	k3r5ii7
Bru-Ubon	bru	smoke	121		pʰeaʔ	2163	pʰ ea ʔ	ph~ea7
In	irr	smoke	121		kərɲḭːʔ	2164	k ə r ɲ ḭː ʔ	k3r57
Katang	kgd	smoke	121		məhiːaʔ	2163	m ə h iːa ʔ	m3hia7
Katu-AnDiem	ktv	smoke	121		gajɨək	2165	g a j ɨə k	gay33k
Kui(Sriwises1978)	kdt	smoke	121		ʔapiʔ	2163	ʔ a p i ʔ	7api7
Kui(Huffman1979)	kdt	smoke	121		mpiəʔ	2163	m p iə ʔ	mpi37
Mankong	sss	smoke	121		pʰiaʔ	2163	pʰ ia ʔ	ph~ia7
Nge'	ngt	smoke	121		pluaj	2146	p l ua j	pluay
Pacoh	pac	smoke	121		kujɤʔ	2165	k u j ɤ ʔ	kuyo7
So-Khammouane	sss	smoke	121		pʰiəʔ	2163	pʰ iə ʔ	ph~i37
So-SakonNakhon	sss	smoke	121		pʰiək	2163	pʰ iə k	ph~i3k
Souei-Saravan	kdt	smoke	121		kʰwanʔuːh	2147	kʰwan ʔuːh	kh~wan7uh
TaOi	tto	smoke	121		kərɲiː	2164	k ə r ɲ iː	k3r5i
Khasi	khi	smoke	121		tdɛm	2148	t d ɛ m	tdEm
Pnar	pbv	smoke	121		tdɛm	2148	t d ɛ m	tdEm
War-Lamin	aml	smoke	121		tdem	2148	t d e m	tdem
Khmer-Surin	kxm	smoke	121		psɛːɲ	2149	p s ɛː ɲ	psE5
Khmer-Standard	khm	smoke	121		psaeŋ	2149	p s ae ŋ	psaeN
Idu	tyh	smoke	121		bàtâːw	2150	b à t âː w	bataw
Khmu-Cuang	kjg	smoke	121		ptəʔ	2150	p t ə ʔ	pt37
Khmu-Yuan	kjg	smoke	121		ptə́ʔ	2150	p t ə́ ʔ	pt37
Mal-T'in	mlf	smoke	121		ntʰɔʔ	2150	n tʰ ɔ ʔ	nth~o7
Bugan	bbh	smoke	121		kui³³	2151	k ui	kui
Mang	zng	smoke	121		ʔyː²	2151	ʔ yː	7i
Mon	mnw	smoke	121		jèak	2152	j èa k	yeak
Nyahkur	cbn	smoke	121		jàk	2152	j à k	yak
Gorum	pcj	smoke	121		mumuˀd	2153	m u m uˀ d	mumud
Kharia	khr	smoke	121		mɔʔ	2153	m ɔ ʔ	mo7
Santali	sat	smoke	121		dhũwə	2154	d h ũ w ə	dhw3
Sora	srb	smoke	121		omod	2153	o m o d	omod
Car	caq	smoke	121		lul	2155	l u l	lul
Nancowri	ncb	smoke	121		fuʃ	2156	f u ʃ	fuS
Lawa(Ratanakul)	lcp	smoke	121		ʔmaɨt	2158	ʔ m aɨ t	7ma3t
ManMet	mml	smoke	121		mut⁵³ŋău	2150	mut⁵³ ŋău	mutNu
Palaung-Dara'ang	pce	smoke	121		dak	2159	d a k	dak
Palaung-Kalaw	pce	smoke	121		nɗak	2159	n ɗ a k	nTak
Palaung-Namhsan	pce	smoke	121		tɯʔ	2150	t ɯ ʔ	tu7
Riang-Sak	ril	smoke	121		ʔuːt¹ŋal²	2157	ʔuːt¹ ŋal²	7utNal
Wa-Praok	prk	smoke	121		taɔʔ	2150	t aɔ ʔ	tao7
Karii	pkt	smoke	121		kuhɔːjʔ	2160	k u h ɔː j ʔ	kuhoy7
Ruc	scb	smoke	121		kəhɔːj³	2160	k ə h ɔː j	k3hoy
Vietnamese	vie	smoke	121		khói	2160	k h ó i	khoi
Alak	alk	soft (touch)	123		ʔatʻan	2201	ʔ a tʻ a n	7atan
Bahnar-Golar	bdq	soft (touch)	123		rəhiak	2203	r ə h ia k	r3hiak
Bahnar-Golar	bdq	soft (touch)	123		rəmən	2204	r ə m ə n	r3m3n
Bahnar-Pleiku	bdq	soft (touch)	123		rəmwan	2204	r ə m w a n	r3mwan
Brao	brb	soft (touch)	123		dɑn	2205	d ɑ n	dan
Cua	cua	soft (touch)	123		lɨːl	2206	l ɨː l	l3l
Halang	hal	soft (touch)	123		miər	2178	m iə r	mi3r
Jeh	jeh	soft (touch)	123		rəmuan	2204	r ə m ua n	r3muan
Jru-Laven	lbo	soft (touch)	123		ʔdan	2205	ʔ d a n	7dan
Mnong-Rölöm	mng	soft (touch)	123		dhuːm	2179	d h uː m	dhum
Mnong-Rölöm	mng	soft (touch)	123		ban	2180	b a n	ban
Nyaheun	nev	soft (touch)	123		luac	2181	l ua c	luaT
Rengao	ren	soft (touch)	123		rəmwan	2204	r ə m w a n	r3mwan
Sedang	sed	soft (touch)	123		rəbɛ̰n	2180	r ə b ɛ̰ n	r3bEn
Sre	kpm	soft (touch)	123		ləbən	2180	l ə b ə n	l3b3n
Stieng	sti	soft (touch)	123		rban	2180	r b a n	rban
Bru-Talan	oog	soft (touch)	123		ləŋɔːnʔ	2181	l ə ŋ ɔː n ʔ	l3Non7
Bru-Talan	oog	soft (touch)	123		ləwaːjʔ	2182	l ə w aː j ʔ	l3way7
Bru-Ubon	bru	soft (touch)	123		ləme̤ːn	2183	l ə m e̤ː n	l3men
In	irr	soft (touch)	123		ləŋɔːnˀ	2181	l ə ŋ ɔː nˀ	l3Non
In	irr	soft (touch)	123		bəʔ	2184	b ə ʔ	b37
Katang	kgd	soft (touch)	123		ləŋuːat	2181	l ə ŋ uːa t	l3Nuat
Katang	kgd	soft (touch)	123		rəbɔːt	2185	r ə b ɔː t	r3bot
Katu-AnDiem	ktv	soft (touch)	123		ramaɲ	2183	r a m a ɲ	rama5
Katu-AnDiem	ktv	soft (touch)	123		rabɑːt	2185	r a b ɑː t	rabat
Kui(Sriwises1978)	kdt	soft (touch)	123		lɁoh	2186	l Ɂ o h	l7oh
Kui(Huffman1979)	kdt	soft (touch)	123		ləmɛ̤ːn	2183	l ə m ɛ̤ː n	l3mEn
Kui(Huffman1979)	kdt	soft (touch)	123		ko̤aj	2187	k o̤a j	koay
Mankong	sss	soft (touch)	123		ləʔɔh	2186	l ə ʔ ɔ h	l37oh
Mankong	sss	soft (touch)	123		ləmeːn	2183	l ə m eː n	l3men
Nge'	ngt	soft (touch)	123		ləŋɔːt	2181	l ə ŋ ɔː t	l3Not
Pacoh	pac	soft (touch)	123		ʔəlɓɔːt	2185	ʔ ə l ɓ ɔː t	73lpot
So-Khammouane	sss	soft (touch)	123		ləŋo̤at	2181	l ə ŋ o̤a t	l3Noat
So-Khammouane	sss	soft (touch)	123		ŋkʰɛːl	2188	ŋ kʰ ɛː l	Nkh~El
So-SakonNakhon	sss	soft (touch)	123		ləŋo̤at	2181	l ə ŋ o̤a t	l3Noat
So-SakonNakhon	sss	soft (touch)	123		ko̤aj	2187	k o̤a j	koay
Souei-Saravan	kdt	soft (touch)	123		nuan	2189	n ua n	nuan
Khasi	khi	soft (touch)	123		ɟem	2190	ɟ e m	Cem
Pnar	pbv	soft (touch)	123		ʤɛm	2190	ʤ ɛ m	jEm
War-Lamin	aml	soft (touch)	123		tjem	2190	t j e m	tyem
Khmer-Surin	kxm	soft (touch)	123		tuan	2205	t ua n	tuan
Khmer-Surin	kxm	soft (touch)	123		lɁɔːɁ	2186	l Ɂ ɔː Ɂ	l7o7
Khmer-Standard	khm	soft (touch)	123		lvʊəɁ	2186	l v ʊə Ɂ	lvu37
Khmer-Standard	khm	soft (touch)	123		tùən	2205	t u ə n	tu3n
Idu	tyh	soft (touch)	123		pǐəʔ	2184	p ǐə ʔ	pi37
Khmu-Cuang	kjg	soft (touch)	123		hnɟɨm	2190	h n ɟ ɨ m	hnC3m
Khmu-Yuan	kjg	soft (touch)	123		hncɨ̀m	2190	h n c ɨ̀ m	hnT3m
Mal-T'in	mlf	soft (touch)	123		cəm	2190	c ə m	T3m
Bugan	bbh	soft (touch)	123		na̱u̱⁵⁵	2191	n a̱u̱	nau
Mang	zng	soft (touch)	123		ʑaŋ¹ɓuː⁴	2192	ʑaŋ¹ ɓuː⁴	ZaNpu
Mon	mnw	soft (touch)	123		dɒn	2205	d ɒ n	don
Nyahkur	cbn	soft (touch)	123		béːc	2184	b éː c	beT
Kharia	khr	soft (touch)	123		lotem	2194	l o t e m	lotem
Kharia	khr	soft (touch)	123		naram	2195	n a r a m	naram
Kharia	khr	soft (touch)	123		koɽom	2193	k o ɽ o m	korom
Santali	sat	soft (touch)	123		ləbit˺	2196	l ə b i t˺	l3bit
Sora	srb	soft (touch)	123		lʌmʌd	2197	l ʌ m ʌ d	lomod
Sora	srb	soft (touch)	123		lətij	2198	l ə t i j	l3tiy
Car	caq	soft (touch)	123		tətŋeː	2199	tət ŋeː	t3tNe
Nancowri	ncb	soft (touch)	123		ɲə́n	2200	ɲ ə́ n	53n
Lawa(Ratanakul)	lcp	soft (touch)	123		cʰɨm	2190	cʰ ɨ m	Th~3m
ManMet	mml	soft (touch)	123		mɔk⁵³	2202	m ɔ k	mok
Palaung-Kalaw	pce	soft (touch)	123		ncam	2190	n c a m	nTam
Palaung-Namhsan	pce	soft (touch)	123		ɟim	2190	ɟ i m	Cim
Riang-Sak	ril	soft (touch)	123		kᵊtjɤm²	2190	kᵊ t j ɤ m	ktyom
Karii	pkt	soft (touch)	123		mmɛːnʔ	2183	mm ɛː n ʔ	mmEn7
Ruc	scb	soft (touch)	123		ləmɛ́ːn	2183	l ə m ɛ́ː n	l3mEn
Vietnamese	vie	soft (touch)	123		mềm	2183	m e m	mm
Alak	alk	sour	124		ʔacʻuaʔ	2215	ʔ a cʻ ua ʔ	7aTua7
Bahnar-Golar	bdq	sour	124		ʔjuʔ	2215	ʔ j u ʔ	7yu7
Bahnar-Kontum	bdq	sour	124		ʔjuʔ	2215	ʔ j u ʔ	7yu7
Bahnar-Pleiku	bdq	sour	124		ʔɲuʔ	2215	ʔ ɲ u ʔ	75u7
Brao	brb	sour	124		ɟuː	2215	ɟ uː	Cu
Cua	cua	sour	124		ɟuaʔ	2215	ɟ ua ʔ	Cua7
Halang	hal	sour	124		ɟṳəʔ	2215	ɟ ṳə ʔ	C37
Jeh	jeh	sour	124		ɟṳaʔ	2215	ɟ ṳa ʔ	Ca7
Jru-Laven	lbo	sour	124		ʔɟuoʔ	2215	ʔ ɟ uo ʔ	7Cuo7
Mnong-Rölöm	mng	sour	124		sraːt	2217	s r aː t	srat
Nyaheun	nev	sour	124		juoʔ	2215	j uo ʔ	yuo7
Rengao	ren	sour	124		ɟo̤ʔ	2215	ɟ o̤ ʔ	Co7
Sedang	sed	sour	124		cow	2215	c o w	Tow
Sre	kpm	sour	124		səraːt	2217	s ə r aː t	s3rat
Stieng	sti	sour	124		srat	2217	s r a t	srat
Bru-Talan	oog	sour	124		joʔ	2215	j o ʔ	yo7
Bru-Talan	oog	sour	124		ceːk	2218	c eː k	Tek
Bru-Ubon	bru	sour	124		ɲɔʔ	2219	ɲ ɔ ʔ	5o7
In	irr	sour	124		ɟɔʔ	2215	ɟ ɔ ʔ	Co7
Katang	kgd	sour	124		ɲɔʔ	2219	ɲ ɔ ʔ	5o7
Katu-AnDiem	ktv	sour	124		kaʄuoʔ	2215	k a ʄ uo ʔ	kaCuo7
Kui(Sriwises1978)	kdt	sour	124		ɲɔ̀ʔ	2219	ɲ ɔ̀ ʔ	5o7
Kui(Huffman1979)	kdt	sour	124		ɲa̤ʔ	2219	ɲ a̤ ʔ	5a7
Mankong	sss	sour	124		ɲɲɑʔ	2219	ɲɲ ɑ ʔ	55a7
Nge'	ngt	sour	124		ɟuːʔ	2215	ɟ uː ʔ	Cu7
Pacoh	pac	sour	124		ʔaʄɔʔ	2215	ʔ a ʄ ɔ ʔ	7aCo7
So-Khammouane	sss	sour	124		ɲɑʔ	2219	ɲ ɑ ʔ	5a7
So-SakonNakhon	sss	sour	124		ɲɑʔ	2219	ɲ ɑ ʔ	5a7
Souei-Saravan	kdt	sour	124		ɲɔʔ	2219	ɲ ɔ ʔ	5o7
TaOi	tto	sour	124		ɟɔ	2215	ɟ ɔ	Co
Khasi	khi	sour	124		ɟew	2215	ɟ e w	Cew
Pnar	pbv	sour	124		ʤaw	2215	ʤ a w	jaw
War-Lamin	aml	sour	124		tjəhat	2220	t j ə h a t	ty3hat
Khmer-Surin	kxm	sour	124		ʨuː	2215	ʨ uː	Cu
Khmer-Standard	khm	sour	124		cuː	2215	c uː	Tu
Idu	tyh	sour	124		cɔ́ɛʔ	2215	c ɔ́ɛ ʔ	ToE7
Khmu-Cuang	kjg	sour	124		cat	2216	c a t	Tat
Khmu-Yuan	kjg	sour	124		cét	2216	c é t	Tet
Mal-T'in	mlf	sour	124		sat	2216	s a t	sat
Bugan	bbh	sour	124		pʦɛ³¹	2216	p ʦ ɛ	pcE
Mang	zng	sour	124		ɓaː¹	2207	ɓ aː	pa
Mon	mnw	sour	124		pʰjah	2208	pʰ j a h	ph~yah
Nyahkur	cbn	sour	124		pəcáh	2208	p ə c á h	p3Tah
Gorum	pcj	sour	124		asaŋ	2209	a s a ŋ	asaN
Kharia	khr	sour	124		rɔˈɟɔˀɖ	2215	r ɔ ˈɟ ɔˀ ɖ	roCod
Santali	sat	sour	124		ɟoɟo	2215	ɟ o ɟ o	CoCo
Sora	srb	sour	124		arʌŋ	2209	a r ʌ ŋ	aroN
Car	caq	sour	124		hikilhu	2210	h i k i l h u	hikilhu
Nancowri	ncb	sour	124		pakaɲ	2211	p a k a ɲ	paka5
Lawa(Ratanakul)	lcp	sour	124		naʔ	2213	n a ʔ	na7
ManMet	mml	sour	124		au³¹	2212	au	au
Palaung-Dara'ang	pce	sour	124		praːŋ	2214	p r aː ŋ	praN
Palaung-Kalaw	pce	sour	124		mpraːk	2214	m p r aː k	mprak
Palaung-Namhsan	pce	sour	124		braŋ	2214	b r a ŋ	braN
Riang-Sak	ril	sour	124		praŋ²	2214	p r a ŋ	praN
Wa-Praok	prk	sour	124		nɛ̤ʔ	2213	n ɛ̤ ʔ	nE7
Karii	pkt	sour	124		cɔ̀ːʔ	2215	c ɔ̀ː ʔ	To7
Ruc	scb	sour	124		ʔacua	2215	ʔ a c ua	7aTua
Vietnamese	vie	sour	124		chua	2215	c h ua	Thua
Alak	alk	star	125		pluːŋ	2227	p l uː ŋ	pluN
Bahnar-Golar	bdq	star	125		həŋlɔŋ	2229	h ə ŋ l ɔ ŋ	h3NloN
Bahnar-Kontum	bdq	star	125		həŋlɔŋ	2229	h ə ŋ l ɔ ŋ	h3NloN
Bahnar-Pleiku	bdq	star	125		səŋlɔŋ	2229	s ə ŋ l ɔ ŋ	s3NloN
Cua	cua	star	125		səlaːk	2230	s ə l aː k	s3lak
Halang	hal	star	125		hloŋ	2229	h l o ŋ	hloN
Jeh	jeh	star	125		hlɔŋ	2229	h l ɔ ŋ	hloN
Mnong-Rölöm	mng	star	125		maɲ	2230	m a ɲ	ma5
Rengao	ren	star	125		həlɔŋ	2229	h ə l ɔ ŋ	h3loN
Sedang	sed	star	125		həlɔ́ŋ	2229	h ə l ɔ́ ŋ	h3loN
Sre	kpm	star	125		səmaɲ	2230	s ə m a ɲ	s3ma5
Stieng	sti	star	125		səmaɲ	2230	s ə m a ɲ	s3ma5
Bru-Talan	oog	star	125		pəntoˀor	2232	p ə n t oˀo r	p3ntoor
Bru-Ubon	bru	star	125		məntoːr	2232	m ə n t oː r	m3ntor
In	irr	star	125		mənto̰ːr	2232	m ə n t o̰ː r	m3ntor
Katang	kgd	star	125		məntoːr	2232	m ə n t oː r	m3ntor
Katu-AnDiem	ktv	star	125		satur	2232	s a t u r	satur
Kui(Sriwises1978)	kdt	star	125		ntɑːr	2232	n t ɑː r	ntar
Kui(Huffman1979)	kdt	star	125		ntɑːl	2232	n t ɑː l	ntal
Mankong	sss	star	125		məntɔːr	2232	m ə n t ɔː r	m3ntor
Nge'	ngt	star	125		partur	2232	p a r t u r	partur
Pacoh	pac	star	125		pəntṵːr	2232	p ə n t ṵː r	p3ntr
So-Khammouane	sss	star	125		mətɔːr	2232	m ə t ɔː r	m3tor
So-SakonNakhon	sss	star	125		mətɔːr	2232	m ə t ɔː r	m3tor
Souei-Saravan	kdt	star	125		kətoːl	2232	k ə t oː l	k3tol
TaOi	tto	star	125		məntoːr	2232	m ə n t oː r	m3ntor
Khasi	khi	star	125		kʰloːr	2233	kʰ l oː r	kh~lor
Pnar	pbv	star	125		kʰlor	2233	kʰ l o r	kh~lor
War-Lamin	aml	star	125		kʰlʊə	2233	kʰ l ʊə	kh~lu3
War-Lamin	aml	star	125		ʃmen	2230	ʃ m e n	Smen
Khmer-Surin	kxm	star	125		pkaːj	2231	p k aː j	pkay
Khmer-Standard	khm	star	125		pəkaːj	2231	p ə k aː j	p3kay
Idu	tyh	star	125		samɛ̰̂ŋ	2230	s a m ɛ̰̂ ŋ	samEN
Khmu-Cuang	kjg	star	125		sərmeɲ	2230	s ə r m e ɲ	s3rme5
Khmu-Yuan	kjg	star	125		srmìɲ	2230	s r m ì ɲ	srmi5
Mal-T'in	mlf	star	125		ʔuːt	2234	ʔ uː t	7ut
Bugan	bbh	star	125		bɔ⁵⁵mo³³	2235	bɔ⁵⁵ mo³³	bomo
Mang	zng	star	125		bu⁵¹	2235	b u	bu
Mon	mnw	star	125		hnɑŋ	2230	h n ɑ ŋ	hnaN
Nyahkur	cbn	star	125		cʰəméɲ	2230	cʰ ə m é ɲ	Th~3me5
Gorum	pcj	star	125		a̰mar	2221	a̰ m a r	amar
Kharia	khr	star	125		simˈkɔm	2222	s i m ˈk ɔ m	simkom
Santali	sat	star	125		ipil	2223	i p i l	ipil
Sora	srb	star	125		tuɟtuɟ	2224	t u ɟ t u ɟ	tuCtuC
Car	caq	star	125		tanɨːsəmat	2225	t a n ɨː s ə m a t	tan3s3mat
Nancowri	ncb	star	125		ʃɔkmaleca	2226	ʃ ɔ k m a l e c a	SokmaleTa
Lawa(Ratanakul)	lcp	star	125		səʔmoiɲ	2230	s ə ʔ m oi ɲ	s37moi5
ManMet	mml	star	125		mɤn³⁵ŋɤn³⁵	2230	mɤn³⁵ ŋɤn³⁵	monNon
Palaung-Dara'ang	pce	star	125		samăɲ	2230	s a m ă ɲ	sam5
Palaung-Kalaw	pce	star	125		saman	2230	sa man	saman
Palaung-Namhsan	pce	star	125		siman	2230	s i m a n	siman
Riang-Sak	ril	star	125		sɤk²mɤɲ²	2230	sɤk² mɤɲ²	sokmo5
Wa-Praok	prk	star	125		simʔuɲ	2230	sim ʔuɲ	sim7u5
Karii	pkt	star	125		kloː	2228	k l oː	klo
Ruc	scb	star	125		kumiːɲ¹	2230	k u m iː ɲ	kumi5
Alak	alk	stone	127		tamɔː	2256	t a m ɔː	tamo
Bahnar-Golar	bdq	stone	127		təmɔː	2256	t ə m ɔː	t3mo
Bahnar-Kontum	bdq	stone	127		təmɔː	2256	t ə m ɔː	t3mo
Bahnar-Pleiku	bdq	stone	127		təmɔː	2256	t ə m ɔː	t3mo
Brao	brb	stone	127		təmɑː	2256	t ə m ɑː	t3ma
Cua	cua	stone	127		pʰaːw	2266	pʰ aː w	ph~aw
Halang	hal	stone	127		təmou	2256	t ə m ou	t3mou
Jeh	jeh	stone	127		təmɔw	2256	t ə m ɔ w	t3mow
Jru-Laven	lbo	stone	127		təmɔː	2256	t ə m ɔː	t3mo
Mnong-Rölöm	mng	stone	127		maw	2256	m a w	maw
Nyaheun	nev	stone	127		nwɔ	2256	n w ɔ	nwo
Rengao	ren	stone	127		hmuː	2256	h m uː	hmu
Sedang	sed	stone	127		hmów	2256	h m ó w	hmow
Sre	kpm	stone	127		luʔ	2267	l u ʔ	lu7
Stieng	sti	stone	127		təmau	2256	t ə m au	t3mau
Bru-Talan	oog	stone	127		tʻmɔˀɔ	2256	tʻ m ɔˀɔ	tmoo
Bru-Ubon	bru	stone	127		təmaw	2256	t ə m a w	t3maw
In	irr	stone	127		təmɔ̰ː	2256	t ə m ɔ̰ː	t3mo
Katang	kgd	stone	127		təmaw	2256	t ə m a w	t3maw
Katu-AnDiem	ktv	stone	127		ʔamɔː	2256	ʔ a m ɔː	7amo
Katu-AnDiem	ktv	stone	127		dɑl	2268	d ɑ l	dal
Kui(Sriwises1978)	kdt	stone	127		təmaw	2256	t ə m a w	t3maw
Kui(Huffman1979)	kdt	stone	127		təmaw	2256	t ə m a w	t3maw
Mankong	sss	stone	127		təmaw	2256	t ə m a w	t3maw
Nge'	ngt	stone	127		tamɔː	2256	t a m ɔː	tamo
Pacoh	pac	stone	127		bul	2269	b u l	bul
So-Khammouane	sss	stone	127		koːl	2270	k oː l	kol
So-SakonNakhon	sss	stone	127		ko̤ːl	2270	k o̤ː l	kol
So-SakonNakhon	sss	stone	127		cuəh	2271	c uə h	Tu3h
Souei-Saravan	kdt	stone	127		təmaw	2256	t ə m a w	t3maw
TaOi	tto	stone	127		təmɔː	2256	t ə m ɔː	t3mo
Khasi	khi	stone	127		maːw	2256	m aː w	maw
Pnar	pbv	stone	127		mo	2256	m o	mo
War-Lamin	aml	stone	127		ʃmɪa	2256	ʃ m ɪa	Smia
Khmer-Surin	kxm	stone	127		tʰmɑː	2256	tʰ m ɑː	th~ma
Khmer-Standard	khm	stone	127		tʰmɔː	2256	tʰ m ɔː	th~mo
Idu	tyh	stone	127		glî̤ːŋ	2257	g l î̤ː ŋ	gliN
Khmu-Cuang	kjg	stone	127		glaːŋ	2257	g l aː ŋ	glaN
Khmu-Yuan	kjg	stone	127		klàːŋ	2257	k l àː ŋ	klaN
Mal-T'in	mlf	stone	127		ŋuːlkiaŋ	2257	ŋuːl kiaŋ	NulkiaN
Bugan	bbh	stone	127		ɣɔ³³	2258	ɣ ɔ	xo
Mang	zng	stone	127		coːŋ¹ʑeː¹	2259	coːŋ¹ ʑeː¹	ToNZe
Mon	mnw	stone	127		mɔʔ	2256	m ɔ ʔ	mo7
Nyahkur	cbn	stone	127		hmɔ̱ʔ	2256	h m ɔ̱ ʔ	hmo7
Gorum	pcj	stone	127		areŋ	2260	a r e ŋ	areN
Kharia	khr	stone	127		sɔˈrɛŋ	2260	s ɔ ˈr ɛ ŋ	sorEN
Santali	sat	stone	127		dhiri	2261	d h i r i	dhiri
Sora	srb	stone	127		ʌrɛŋ	2260	ʌ r ɛ ŋ	orEN
Car	caq	stone	127		ʔihoŋ	2262	ʔ i h o ŋ	7ihoN
Nancowri	ncb	stone	127		maŋŋe	2263	m a ŋŋ e	maNNe
Lawa(Ratanakul)	lcp	stone	127		səmoʔ	2256	s ə m o ʔ	s3mo7
ManMet	mml	stone	127		kʰon³¹moʔ⁵³	2256	kʰon³¹ moʔ⁵³	kh~onmo7
Palaung-Dara'ang	pce	stone	127		maw	2256	m a w	maw
Palaung-Kalaw	pce	stone	127		gumaːw	2256	gu maːw	gumaw
Palaung-Namhsan	pce	stone	127		mo	2256	m o	mo
Riang-Sak	ril	stone	127		sᵊmoʔ²	2256	sᵊ m o ʔ	smo7
Wa-Praok	prk	stone	127		sma̤ɔʔ	2256	s m a̤ɔ ʔ	smao7
Karii	pkt	stone	127		kàːjh	2264	k àː j h	kayh
Ruc	scb	stone	127		lata	2265	l a t a	lata
Vietnamese	vie	stone	127		đá	2265	đ á	Da
Alak	alk	sweet	129		ŋaːm	2308	ŋ aː m	Nam
Bahnar-Golar	bdq	sweet	129		ŋaːm	2308	ŋ aː m	Nam
Bahnar-Kontum	bdq	sweet	129		ŋaːm	2308	ŋ aː m	Nam
Bahnar-Pleiku	bdq	sweet	129		ʔŋaːm	2308	ʔ ŋ aː m	7Nam
Brao	brb	sweet	129		ŋaːm	2308	ŋ aː m	Nam
Cua	cua	sweet	129		ŋɨːm	2308	ŋ ɨː m	N3m
Halang	hal	sweet	129		ʔŋaːm	2308	ʔ ŋ aː m	7Nam
Jeh	jeh	sweet	129		ʔŋaːm	2308	ʔ ŋ aː m	7Nam
Jru-Laven	lbo	sweet	129		ʔŋəːm	2308	ʔ ŋ əː m	7N3m
Mnong-Rölöm	mng	sweet	129		ŋoːt	2309	ŋ oː t	Not
Nyaheun	nev	sweet	129		ʔŋaːm	2308	ʔ ŋ aː m	7Nam
Rengao	ren	sweet	129		ŋaːm	2308	ŋ aː m	Nam
Sedang	sed	sweet	129		ŋɛ̰əm	2308	ŋ ɛ̰ə m	NE3m
Sre	kpm	sweet	129		ləŋam	2308	l ə ŋ a m	l3Nam
Stieng	sti	sweet	129		ləŋoːt	2309	l ə ŋ oː t	l3Not
Bru-Talan	oog	sweet	129		ŋaˀam	2308	ŋ aˀa m	Naam
Bru-Ubon	bru	sweet	129		ŋeam	2308	ŋ ea m	Neam
In	irr	sweet	129		ŋa̰ːm	2308	ŋ a̰ː m	Nam
Katang	kgd	sweet	129		ŋɨːam	2308	ŋ ɨːa m	N3am
Katu-AnDiem	ktv	sweet	129		ɓɛŋ	2310	ɓ ɛ ŋ	pEN
Kui(Sriwises1978)	kdt	sweet	129		ŋìam	2308	ŋ ìa m	Niam
Kui(Huffman1979)	kdt	sweet	129		ŋe̤am	2308	ŋ e̤a m	Neam
Mankong	sss	sweet	129		ŋi̤am	2308	ŋ i̤a m	Niam
Nge'	ngt	sweet	129		ŋaːm	2308	ŋ aː m	Nam
Pacoh	pac	sweet	129		ʔəŋŋaːm	2308	ʔ ə ŋŋ aː m	73NNam
So-Khammouane	sss	sweet	129		ŋe̤am	2308	ŋ e̤a m	Neam
So-SakonNakhon	sss	sweet	129		ŋe̤am	2308	ŋ e̤a m	Neam
Souei-Saravan	kdt	sweet	129		ŋaːm	2308	ŋ aː m	Nam
TaOi	tto	sweet	129		ŋaːm	2308	ŋ aː m	Nam
Khasi	khi	sweet	129		tʰiaŋ	2311	tʰ ia ŋ	th~iaN
Pnar	pbv	sweet	129		tʰiʌŋ	2311	tʰ iʌ ŋ	th~ioN
War-Lamin	aml	sweet	129		baŋʃini	2312	baŋ ʃini	baNSini
Khmer-Surin	kxm	sweet	129		pɁɛːm	2293	p Ɂ ɛː m	p7Em
Khmer-Standard	khm	sweet	129		pʔaem	2293	p ʔ ae m	p7aem
Idu	tyh	sweet	129		sîəw	2294	s îə w	si3w
Khmu-Cuang	kjg	sweet	129		hʔiə	2295	h ʔ iə	h7i3
Khmu-Yuan	kjg	sweet	129		hʔíaʔ	2295	h ʔ ía ʔ	h7ia7
Mal-T'in	mlf	sweet	129		siaw	2294	s ia w	siaw
Bugan	bbh	sweet	129		lɛi³³	2296	l ɛi	lEi
Mang	zng	sweet	129		ɲua³	2297	ɲ ua	5ua
Mon	mnw	sweet	129		dat	2299	d a t	dat
Nyahkur	cbn	sweet	129		tədáːc	2299	t ə d áː c	t3daT
Gorum	pcj	sweet	129		riŋeˀd	2301	r i ŋ eˀ d	riNed
Kharia	khr	sweet	129		ɟoŋsur	2308	ɟ o ŋ s u r	CoNsur
Kharia	khr	sweet	129		sɛˈbɔl	2300	s ɛ ˈb ɔ l	sEbol
Santali	sat	sweet	129		sibil	2300	s i b i l	sibil
Sora	srb	sweet	129		leŋəm	2308	l e ŋ ə m	leN3m
Sora	srb	sweet	129		ɛlɛŋ	2302	ɛ l ɛ ŋ	ElEN
Car	caq	sweet	129		pacaːka	2303	p a c aː k a	paTaka
Nancowri	ncb	sweet	129		ciw	2304	c i w	Tiw
Lawa(Ratanakul)	lcp	sweet	129		nde	2306	n d e	nde
ManMet	mml	sweet	129		ȵɛŋ⁵⁵	2305	ȵ ɛ ŋ	5EN
Palaung-Dara'ang	pce	sweet	129		ŋaːm	2308	ŋ aː m	Nam
Palaung-Kalaw	pce	sweet	129		saŋaic	2298	sa ŋaic	saNaiT
Palaung-Namhsan	pce	sweet	129		ŋam	2308	ŋ a m	Nam
Riang-Sak	ril	sweet	129		ŋɑːm²	2308	ŋ ɑː m	Nam
Wa-Praok	prk	sweet	129		tɛ	2306	t ɛ	tE
Karii	pkt	sweet	129		mbaːt	2307	m b aː t	mbat
Ruc	scb	sweet	129		təŋɔːc⁷	2298	t ə ŋ ɔː c	t3NoT
Vietnamese	vie	sweet	129		ngọt	2298	n g o t	ngt
Alak	alk	tail	130		tɛːŋ	2317	t ɛː ŋ	tEN
Bahnar-Golar	bdq	tail	130		kjɛŋ	2317	k j ɛ ŋ	kyEN
Bahnar-Kontum	bdq	tail	130		kjɛŋ	2317	k j ɛ ŋ	kyEN
Bahnar-Pleiku	bdq	tail	130		kjɛŋ	2317	k j ɛ ŋ	kyEN
Halang	hal	tail	130		tɛaŋ	2317	t ɛa ŋ	tEaN
Jeh	jeh	tail	130		tɛːŋ	2317	t ɛː ŋ	tEN
Mnong-Rölöm	mng	tail	130		tieŋ	2317	t ie ŋ	tieN
Rengao	ren	tail	130		tiːŋ	2317	t iː ŋ	tiN
Sedang	sed	tail	130		tḭŋ	2317	t ḭ ŋ	tN
Sre	kpm	tail	130		tiaŋ	2317	t ia ŋ	tiaN
Stieng	sti	tail	130		tieŋ	2317	t ie ŋ	tieN
Bru-Talan	oog	tail	130		s̞ɔːj	2318	s̞ ɔː j	soy
Bru-Ubon	bru	tail	130		sɔːj	2318	s ɔː j	soy
In	irr	tail	130		sɔ̰ːj	2318	s ɔ̰ː j	soy
Katang	kgd	tail	130		sɔːj	2318	s ɔː j	soy
Katu-AnDiem	ktv	tail	130		sɑːj	2318	s ɑː j	say
Kui(Sriwises1978)	kdt	tail	130		sɔːj	2318	s ɔː j	soy
Kui(Huffman1979)	kdt	tail	130		sɑːj	2318	s ɑː j	say
Mankong	sss	tail	130		sɑːj	2318	s ɑː j	say
Nge'	ngt	tail	130		sɔːj	2318	s ɔː j	soy
Pacoh	pac	tail	130		sɔːj	2318	s ɔː j	soy
So-Khammouane	sss	tail	130		sɑːj	2318	s ɑː j	say
So-SakonNakhon	sss	tail	130		sɑːj	2318	s ɑː j	say
Souei-Saravan	kdt	tail	130		sɔːj	2318	s ɔː j	soy
TaOi	tto	tail	130		sɔːj	2318	s ɔː j	soy
Khasi	khi	tail	130		tdɔŋ	2319	t d ɔ ŋ	tdoN
Pnar	pbv	tail	130		tdɔŋ	2319	t d ɔ ŋ	tdoN
War-Lamin	aml	tail	130		tdɒŋ	2319	t d ɒ ŋ	tdoN
Khmer-Surin	kxm	tail	130		kantuj	2320	k a n t u j	kantuy
Khmer-Standard	khm	tail	130		kɑntuj	2320	k ɑ n t u j	kantuy
Idu	tyh	tail	130		hantâ̰ː	2313	h a n t â̰ː	hanta
Khmu-Cuang	kjg	tail	130		hntaʔ	2313	h n t a ʔ	hnta7
Khmu-Yuan	kjg	tail	130		hntáʔ	2313	h n t á ʔ	hnta7
Mal-T'in	mlf	tail	130		ntʰuːlɔːl	2321	ntʰuː lɔːl	nth~ulol
Mang	zng	tail	130		høː⁶	2322	h øː	he
Mon	mnw	tail	130		hataʔ	2313	h a t a ʔ	hata7
Nyahkur	cbn	tail	130		pətáːʔ	2313	p ə t áː ʔ	p3ta7
Gorum	pcj	tail	130		alaʔ	2314	a l a ʔ	ala7
Kharia	khr	tail	130		pɑˈtɑ	2313	p ɑ ˈt ɑ	pata
Santali	sat	tail	130		cupi	2315	c u p i	Tupi
Sora	srb	tail	130		ʌla	2314	ʌ l a	ola
Car	caq	tail	130		rit	2316	r i t	rit
Nancowri	ncb	tail	130		ret	2316	r e t	ret
Lawa(Ratanakul)	lcp	tail	130		sətaʔ	2313	s ə t a ʔ	s3ta7
ManMet	mml	tail	130		tʰăʔ⁵³	2313	tʰ ă ʔ	th~7
Palaung-Dara'ang	pce	tail	130		sada	2313	s a d a	sada
Palaung-Kalaw	pce	tail	130		saɗɯaʔ	2313	sa ɗɯaʔ	saTua7
Palaung-Namhsan	pce	tail	130		sətaʔ	2313	s ə t a ʔ	s3ta7
Riang-Sak	ril	tail	130		taʔ¹	2313	t a ʔ	ta7
Wa-Praok	prk	tail	130		sdaʔ	2313	s d a ʔ	sda7
Karii	pkt	tail	130		tɔ̀ːj	2320	t ɔ̀ː j	toy
Ruc	scb	tail	130		tuej²	2320	t ue j	tuey
Vietnamese	vie	tail	130		đuôi	2320	đ u ô i	Duoi
Alak	alk	ten	131		cʻit	2323	cʻ i t	Tit
Bahnar-Golar	bdq	ten	131		ɟit	2323	ɟ i t	Cit
Bahnar-Kontum	bdq	ten	131		ɟit	2323	ɟ i t	Cit
Bahnar-Pleiku	bdq	ten	131		ɟit	2323	ɟ i t	Cit
Brao	brb	ten	131		cit	2323	c i t	Tit
Cua	cua	ten	131		kɨl	2325	k ɨ l	k3l
Halang	hal	ten	131		ɟəːt	2323	ɟ əː t	C3t
Jeh	jeh	ten	131		kuːɟa̤t	2323	kuː ɟa̤t	kuCat
Jru-Laven	lbo	ten	131		cet	2323	c e t	Tet
Mnong-Rölöm	mng	ten	131		mat	2323	m a t	mat
Nyaheun	nev	ten	131		cit	2323	c i t	Tit
Rengao	ren	ten	131		mo̤jɟa̤t	2323	mo̤j ɟa̤t	moyCat
Sedang	sed	ten	131		cat	2323	c a t	Tat
Sre	kpm	ten	131		ɟət	2323	ɟ ə t	C3t
Stieng	sti	ten	131		ɟmət	2323	ɟ m ə t	Cm3t
Bru-Talan	oog	ten	131		məncit	2323	m ə n c i t	m3nTit
Bru-Ubon	bru	ten	131		məcit	2323	m ə c i t	m3Tit
In	irr	ten	131		məncit	2323	mən cit	m3nTit
Katang	kgd	ten	131		məncit	2323	mən cit	m3nTit
Katu-AnDiem	ktv	ten	131		maɟet	2323	m a ɟ e t	maCet
Kui(Sriwises1978)	kdt	ten	131		ɲcət	2323	ɲ c ə t	5T3t
Kui(Huffman1979)	kdt	ten	131		ɲcʌt	2323	ɲ c ʌ t	5Tot
Mankong	sss	ten	131		mənci̤t	2323	mən ci̤t	m3nTit
Nge'	ngt	ten	131		macit	2323	m a c i t	maTit
Pacoh	pac	ten	131		cit	2323	c i t	Tit
So-Khammouane	sss	ten	131		məci̤t	2323	m ə c i̤ t	m3Tit
So-SakonNakhon	sss	ten	131		məci̤t	2323	m ə c i̤ t	m3Tit
Souei-Saravan	kdt	ten	131		cit	2323	c i t	Tit
TaOi	tto	ten	131		məncit	2323	m ə n c i t	m3nTit
Khasi	khi	ten	131		ʃipʰew	2326	ʃi pʰew	Siph~ew
Pnar	pbv	ten	131		tʃipʰaw	2326	tʃi pʰaw	tSiph~aw
War-Lamin	aml	ten	131		ʃipʰua	2326	ʃi pʰua	Siph~ua
Khmer-Surin	kxm	ten	131		dɑp	2327	d ɑ p	dap
Khmer-Standard	khm	ten	131		dɑp	2327	d ɑ p	dap
Idu	tyh	ten	131		hamgɔ̰̂ɛ	2325	h a m g ɔ̰̂ɛ	hamgoE
Khmu-Cuang	kjg	ten	131		gal	2325	g a l	gal
Bugan	bbh	ten	131		mã³¹	2328	m ã	ma
Mang	zng	ten	131		ʑiː³mɛː⁴	2328	ʑiː³ mɛː⁴	ZimE
Mon	mnw	ten	131		cɔh	2329	c ɔ h	Toh
Nyahkur	cbn	ten	131		cáç	2329	c á ç	TaS
Gorum	pcj	ten	131		galgi	2325	g a l g i	galgi
Kharia	khr	ten	131		ɡhɔl	2325	ɡ h ɔ l	ghol
Santali	sat	ten	131		gel	2325	g e l	gel
Sora	srb	ten	131		ɡʌlɟi	2325	ɡ ʌ l ɟ i	golCi
Car	caq	ten	131		səm	2330	s ə m	s3m
Nancowri	ncb	ten	131		ʃɔm	2330	ʃ ɔ m	Som
Lawa(Ratanakul)	lcp	ten	131		kao	2325	k ao	kao
ManMet	mml	ten	131		kʰiou³¹	2325	kʰ iou	kh~iou
Palaung-Dara'ang	pce	ten	131		gǝ	2325	g ǝ	g3
Palaung-Kalaw	pce	ten	131		gaɯɓok	2325	gaɯ ɓok	gaupok
Palaung-Namhsan	pce	ten	131		kɯr	2325	k ɯ r	kur
Riang-Sak	ril	ten	131		sᵊkɔl¹	2325	sᵊ k ɔ l	skol
Wa-Praok	prk	ten	131		kaɔ	2325	k aɔ	kao
Karii	pkt	ten	131		mə̀ːj	2324	m ə̀ː j	m3y
Ruc	scb	ten	131		mɨə̀j	2324	m ɨə̀ j	m33y
Vietnamese	vie	ten	131		mười	2324	m u o i	mi
Alak	alk	thorn	134		cʻarlaː	2365	cʻ a r l aː	Tarla
Bahnar-Golar	bdq	thorn	134		ɟəlaː	2365	ɟ ə l aː	C3la
Bahnar-Kontum	bdq	thorn	134		ɟəlă	2365	ɟ ə l ă	C3l
Bahnar-Pleiku	bdq	thorn	134		ɟəlaː	2365	ɟ ə l aː	C3la
Brao	brb	thorn	134		ɟɨrlaː	2365	ɟ ɨ r l aː	C3rla
Cua	cua	thorn	134		ɟalia	2365	ɟ a l ia	Calia
Halang	hal	thorn	134		ɟəlaː	2365	ɟ ə l aː	C3la
Jeh	jeh	thorn	134		təlaː	2365	t ə l aː	t3la
Jru-Laven	lbo	thorn	134		claː	2365	c l aː	Tla
Mnong-Rölöm	mng	thorn	134		luok	2375	l uo k	luok
Nyaheun	nev	thorn	134		llaː	2365	ll aː	lla
Rengao	ren	thorn	134		ɟəlaː	2365	ɟ ə l aː	C3la
Sedang	sed	thorn	134		ʔila̰	2365	ʔ i l a̰	7ila
Sre	kpm	thorn	134		lɔː	2375	l ɔː	lo
Stieng	sti	thorn	134		lɔːk	2375	l ɔː k	lok
Bru-Talan	oog	thorn	134		hərliˀi	2365	h ə r l iˀi	h3rlii
Bru-Ubon	bru	thorn	134		sərle̤a	2365	s ə r l e̤a	s3rlea
In	irr	thorn	134		hərla̰ː	2365	h ə r l a̰ː	h3rla
Katang	kgd	thorn	134		rəlɨːa	2365	r ə l ɨːa	r3l3a
Katu-AnDiem	ktv	thorn	134		ʔasoŋ	2376	ʔ a s o ŋ	7asoN
Kui(Sriwises1978)	kdt	thorn	134		ləlìa	2365	l ə l ìa	l3lia
Kui(Huffman1979)	kdt	thorn	134		ləle̤ːa	2365	l ə l e̤ːa	l3lea
Mankong	sss	thorn	134		sərli̤a	2365	s ə r l i̤a	s3rlia
Nge'	ngt	thorn	134		carliː	2365	c a r l iː	Tarli
Pacoh	pac	thorn	134		ʔasoːŋ	2376	ʔ a s oː ŋ	7asoN
So-Khammouane	sss	thorn	134		cile̤a	2365	c i l e̤a	Tilea
So-SakonNakhon	sss	thorn	134		cile̤a	2365	c i l e̤a	Tilea
TaOi	tto	thorn	134		hərliː	2365	h ə r l iː	h3rli
Khasi	khi	thorn	134		ʃiaʔ	2377	ʃ ia ʔ	Sia7
Pnar	pbv	thorn	134		ʧeʔ	2377	ʧ e ʔ	Ce7
War-Lamin	aml	thorn	134		ʧɪəʔ	2377	ʧ ɪə ʔ	Ci37
Khmer-Surin	kxm	thorn	134		panlaː	2365	p a n l aː	panla
Khmer-Standard	khm	thorn	134		bɑnlaː	2365	b ɑ n l aː	banla
Idu	tyh	thorn	134		jallə̂ɨ	2365	j a ll ə̂ɨ	yall33
Khmu-Cuang	kjg	thorn	134		crlaʔ	2365	c r l a ʔ	Trla7
Khmu-Yuan	kjg	thorn	134		cr̀làʔ	2365	c r̀ l à ʔ	Trla7
Mal-T'in	mlf	thorn	134		lhiaʔ	2365	l h ia ʔ	lhia7
Mang	zng	thorn	134		ʑaː²ɓak⁷	2379	ʑaː² ɓak⁷	Zapak
Mon	mnw	thorn	134		halèaʔ	2365	h a l èa ʔ	halea7
Nyahkur	cbn	thorn	134		cʰəlàːʔ	2365	cʰ ə l àː ʔ	Th~3la7
Gorum	pcj	thorn	134		ubaʔ	2366	u b a ʔ	uba7
Kharia	khr	thorn	134		ɟuˈrɑʔ	2365	ɟ u ˈr ɑ ʔ	Cura7
Santali	sat	thorn	134		ɟanum	2367	ɟ a n u m	Canum
Sora	srb	thorn	134		edba	2366	e d b a	edba
Car	caq	thorn	134		wok	2368	w o k	wok
Nancowri	ncb	thorn	134		het	2369	h e t	het
Lawa(Ratanakul)	lcp	thorn	134		kat	2370	k a t	kat
ManMet	mml	thorn	134		ahaŋ³¹	2378	a haŋ³¹	ahaN
Palaung-Dara'ang	pce	thorn	134		dəkhɔŋ	2374	də khɔŋ	d3khoN
Palaung-Kalaw	pce	thorn	134		maʔaːjʔ	2371	ma ʔaːjʔ	ma7ay7
Palaung-Namhsan	pce	thorn	134		pərʔɔʔ	2372	p ə r ʔ ɔ ʔ	p3r7o7
Riang-Sak	ril	thorn	134		sᵊrkɤt¹	2370	sᵊ r k ɤ t	srkot
Wa-Praok	prk	thorn	134		kat	2370	k a t	kat
Karii	pkt	thorn	134		dəmʔ	2373	d ə m ʔ	d3m7
Vietnamese	vie	thorn	134		gai	2373	g ai	gai
Alak	alk	to be born	136		kəːt	2399	k əː t	k3t
Bahnar-Golar	bdq	to be born	136		rənɛh	2400	r ə n ɛ h	r3nEh
Bahnar-Kontum	bdq	to be born	136		rənɛh	2400	r ə n ɛ h	r3nEh
Bahnar-Pleiku	bdq	to be born	136		rənɛh	2400	r ə n ɛ h	r3nEh
Brao	brb	to be born	136		kəːt	2399	k əː t	k3t
Cua	cua	to be born	136		paʔiːl	2401	p a ʔ iː l	pa7il
Halang	hal	to be born	136		ko̤ːt	2399	k o̤ː t	kot
Jru-Laven	lbo	to be born	136		kəːt	2399	k əː t	k3t
Mnong-Rölöm	mng	to be born	136		luesak	2387	lue sak	luesak
Nyaheun	nev	to be born	136		kəːt	2399	k əː t	k3t
Sedang	sed	to be born	136		ɟiəŋ	2386	ɟ iə ŋ	Ci3N
Sre	kpm	to be born	136		rəh	2400	r ə h	r3h
Stieng	sti	to be born	136		kəːt	2399	k əː t	k3t
Bru-Talan	oog	to be born	136		moŋʔ	2387	m o ŋ ʔ	moN7
Bru-Ubon	bru	to be born	136		kəːt	2399	k əː t	k3t
In	irr	to be born	136		moŋˀ	2387	m o ŋˀ	moN
Katang	kgd	to be born	136		kəːt	2399	k əː t	k3t
Katu-AnDiem	ktv	to be born	136		ʔakɑːn	2399	ʔ a k ɑː n	7akan
Kui(Sriwises1978)	kdt	to be born	136		kʌːt	2399	k ʌː t	kot
Kui(Huffman1979)	kdt	to be born	136		kʌːt	2399	k ʌː t	kot
Mankong	sss	to be born	136		kʌːt	2399	k ʌː t	kot
Nge'	ngt	to be born	136		lɔh	2388	l ɔ h	loh
Pacoh	pac	to be born	136		karnɛan	2389	k a r n ɛa n	karnEan
So-Khammouane	sss	to be born	136		kəːt	2399	k əː t	k3t
So-SakonNakhon	sss	to be born	136		kəːt	2399	k əː t	k3t
Souei-Saravan	kdt	to be born	136		kəːt	2399	k əː t	k3t
TaOi	tto	to be born	136		kəːt	2399	k əː t	k3t
Khasi	khi	to be born	136		kʰa	2402	kʰ a	kh~a
Pnar	pbv	to be born	136		kʰa	2390	kʰ a	kh~a
War-Lamin	aml	to be born	136		ʃlɒʔ	2391	ʃ l ɒ ʔ	Slo7
Khmer-Surin	kxm	to be born	136		knʌːt	2399	k n ʌː t	knot
Khmer-Standard	khm	to be born	136		kaət	2399	k aə t	ka3t
Idu	tyh	to be born	136		kə̌ːt	2399	k ə̌ː t	k3t
Khmu-Cuang	kjg	to be born	136		kəːt	2399	k əː t	k3t
Khmu-Yuan	kjg	to be born	136		kə́ːt	2399	k ə́ː t	k3t
Mal-T'in	mlf	to be born	136		kə́ːt	2399	k ə́ː t	k3t
Bugan	bbh	to be born	136		ɕaŋ³¹	2386	ɕ a ŋ	SaN
Mang	zng	to be born	136		pluk⁷	2392	p l u k	pluk
Mon	mnw	to be born	136		bɑŋ	2393	b ɑ ŋ	baN
Nyahkur	cbn	to be born	136		kɤ́ːt	2399	k ɤ́ː t	kot
Santali	sat	to be born	136		huj	2394	h u j	huy
Car	caq	to be born	136		fətɲu	2395	fət ɲu	f3t5u
Nancowri	ncb	to be born	136		kajuaɲɔ̃h	2395	k a j ua ɲ ɔ̃ h	kayua5oh
Lawa(Ratanakul)	lcp	to be born	136		kɨt	2399	k ɨ t	k3t
ManMet	mml	to be born	136		kɤt¹³	2399	k ɤ t	kot
Palaung-Dara'ang	pce	to be born	136		gəːʔ	2399	g əː ʔ	g37
Palaung-Kalaw	pce	to be born	136		gɤːʔ	2399	g ɤː ʔ	go7
Palaung-Namhsan	pce	to be born	136		kɯt	2399	k ɯ t	kut
Riang-Sak	ril	to be born	136		ɗam¹	2396	ɗ a m	Tam
Wa-Praok	prk	to be born	136		kih	2399	k i h	kih
Karii	pkt	to be born	136		kəːt	2399	k əː t	k3t
Ruc	scb	to be born	136		raɟɔː³	2398	r a ɟ ɔː	raCo
Vietnamese	vie	to be born	136		đẻ	2397	đ e	D
Alak	alk	to breathe/breath	139		ʤahɯːm	2444	ʤ a h ɯː m	jahum
Bahnar-Golar	bdq	to breathe/breath	139		ɟəhŋăm	2444	ɟ ə h ŋ ă m	C3hNm
Bahnar-Kontum	bdq	to breathe/breath	139		ɟəhŋăm	2444	ɟ ə h ŋ ă m	C3hNm
Bahnar-Pleiku	bdq	to breathe/breath	139		ɟəhŋăm	2444	ɟ ə h ŋ ă m	C3hNm
Brao	brb	to breathe/breath	139		huatcʰəːm	2444	huat cʰəːm	huatTh~3m
Cua	cua	to breathe/breath	139		hɔːthəːj	2448	hɔːt həːj	hoth3y
Halang	hal	to breathe/breath	139		ɟəhəːm	2444	ɟ ə h əː m	C3h3m
Jeh	jeh	to breathe/breath	139		ɟəho̤ːm	2444	ɟ ə h o̤ː m	C3hom
Jru-Laven	lbo	to breathe/breath	139		cəhɨːm	2444	c ə h ɨː m	T3h3m
Mnong-Rölöm	mng	to breathe/breath	139		ɲham	2444	ɲ h a m	5ham
Nyaheun	nev	to breathe/breath	139		jɐːm	2444	j ɐː m	yam
Rengao	ren	to breathe/breath	139		də̤kcəhe̤ːm	2444	də̤k cəhe̤ːm	d3kT3hem
Sedang	sed	to breathe/breath	139		hiəm	2444	h iə m	hi3m
Sre	kpm	to breathe/breath	139		soam	2444	s oa m	soam
Stieng	sti	to breathe/breath	139		nhuːinhɔm	2444	nhuːi nhɔm	nhuinhom
Bru-Talan	oog	to breathe/breath	139		təŋɨh	2449	t ə ŋ ɨ h	t3N3h
Bru-Ubon	bru	to breathe/breath	139		taŋɯ̤h	2449	t a ŋ ɯ̤ h	taNuh
In	irr	to breathe/breath	139		təŋɨh	2449	t ə ŋ ɨ h	t3N3h
Katang	kgd	to breathe/breath	139		təŋɨh	2449	t ə ŋ ɨ h	t3N3h
Katu-AnDiem	ktv	to breathe/breath	139		tahɔːt	2448	t a h ɔː t	tahot
Kui(Sriwises1978)	kdt	to breathe/breath	139		ŋɤh	2449	ŋ ɤ h	Noh
Kui(Huffman1979)	kdt	to breathe/breath	139		təŋə̤h	2449	t ə ŋ ə̤ h	t3N3h
Mankong	sss	to breathe/breath	139		təŋɨ̤h	2449	t ə ŋ ɨ̤ h	t3N3h
Nge'	ngt	to breathe/breath	139		parheːm	2444	p a r h eː m	parhem
Pacoh	pac	to breathe/breath	139		tərŋɯh	2449	t ə r ŋ ɯ h	t3rNuh
So-Khammouane	sss	to breathe/breath	139		təŋɨ̤h	2449	t ə ŋ ɨ̤ h	t3N3h
So-SakonNakhon	sss	to breathe/breath	139		təŋɨ̤h	2449	t ə ŋ ɨ̤ h	t3N3h
Souei-Saravan	kdt	to breathe/breath	139		pəhəːm	2444	p ə h əː m	p3h3m
Souei-Saravan	kdt	to breathe/breath	139		tʽəŋɨh	2449	tʽ ə ŋ ɨ h	t3N3h
TaOi	tto	to breathe/breath	139		təŋɨh	2449	t ə ŋ ɨ h	t3N3h
Khasi	khi	to breathe/breath	139		mnsiem	2450	m n s ie m	mnsiem
Pnar	pbv	to breathe/breath	139		riɲmn̩seim	2450	riɲ mn̩seim	ri5mnseim
War-Lamin	aml	to breathe/breath	139		hənsʊ	2450	h ə n s ʊ	h3nsu
Khmer-Surin	kxm	to breathe/breath	139		thʌːm	2444	t h ʌː m	thom
Khmer-Standard	khm	to breathe/breath	139		dɑŋhaəm	2444	d ɑ ŋ h aə m	daNha3m
Idu	tyh	to breathe/breath	139		pûŋsanɲɔ̂ːm	2451	pûŋ sanɲɔ̂ːm	pNsan5om
Khmu-Cuang	kjg	to breathe/breath	139		hrɲɨəm	2451	h r ɲ ɨə m	hr533m
Khmu-Yuan	kjg	to breathe/breath	139		hrɲɨ̀am	2451	h r ɲ ɨ̀a m	hr53am
Mal-T'in	mlf	to breathe/breath	139		maːl	2452	m aː l	mal
Mang	zng	to breathe/breath	139		ʑiː⁶vəm²	2439	ʑiː⁶ vəm²	Ziv3m
Mon	mnw	to breathe/breath	139		pəjə̤m	2451	p ə j ə̤ m	p3y3m
Nyahkur	cbn	to breathe/breath	139		jṳm	2451	j ṳ m	ym
Kharia	khr	to breathe/breath	139		sãs	2440	s ã s	sas
Kharia	khr	to breathe/breath	139		humber	2441	h u m b e r	humber
Kharia	khr	to breathe/breath	139		suˈruˀbatmen	2442	suˈruˀb atmen	surubatmen
Santali	sat	to breathe/breath	139		sahet˺	2440	s a h e t˺	sahet
Sora	srb	to breathe/breath	139		toŋˈɲeːm	2451	t o ŋ ˈɲ eː m	toN5em
Car	caq	to breathe/breath	139		nɔːmə	2443	n ɔː m ə	nom3
Nancowri	ncb	to breathe/breath	139		ʔijɯ́am	2451	ʔ i j ɯ́a m	7iyuam
Lawa(Ratanakul)	lcp	to breathe/breath	139		pʰaom	2450	pʰ ao m	ph~aom
ManMet	mml	to breathe/breath	139		tʰo⁵⁵	2447	tʰ o	th~o
Palaung-Dara'ang	pce	to breathe/breath	139		hə̆kphǝm	2450	h ə̆ k p h ǝ m	h3kph3m
Palaung-Namhsan	pce	to breathe/breath	139		pʰɔm	2450	pʰ ɔ m	ph~om
Riang-Sak	ril	to breathe/breath	139		pʰɔm¹	2450	pʰ ɔ m	ph~om
Wa-Praok	prk	to breathe/breath	139		bʰɔm	2450	bʰ ɔ m	bh~om
Karii	pkt	to breathe/breath	139		tŋə̀ːh	2449	t ŋ ə̀ː h	tN3h
Ruc	scb	to breathe/breath	139		taŋəh	2449	t a ŋ ə h	taN3h
Ruc	scb	to breathe/breath	139		nɔːj⁴	2446	n ɔː j	noy
Vietnamese	vie	to breathe/breath	139		vụ	2445	v u	v
Alak	alk	to buy	141		roːt	2484	r oː t	rot
Bahnar-Golar	bdq	to buy	141		rɔt	2484	r ɔ t	rot
Bahnar-Kontum	bdq	to buy	141		rɔt	2484	r ɔ t	rot
Bahnar-Pleiku	bdq	to buy	141		rɔt	2484	r ɔ t	rot
Brao	brb	to buy	141		ruat	2484	r ua t	ruat
Cua	cua	to buy	141		rɔːt	2484	r ɔː t	rot
Halang	hal	to buy	141		ruat	2484	r ua t	ruat
Jeh	jeh	to buy	141		ruat	2484	r ua t	ruat
Jru-Laven	lbo	to buy	141		ruat	2484	r ua t	ruat
Mnong-Rölöm	mng	to buy	141		ruot	2484	r uo t	ruot
Nyaheun	nev	to buy	141		ruat	2484	r ua t	ruat
Rengao	ren	to buy	141		ro̤ːt	2484	r o̤ː t	rot
Sedang	sed	to buy	141		roɛ	2484	r oɛ	roE
Sre	kpm	to buy	141		roat	2484	r oa t	roat
Stieng	sti	to buy	141		rwat	2484	r w a t	rwat
Bru-Talan	oog	to buy	141		cɔːŋ	2501	c ɔː ŋ	ToN
Bru-Ubon	bru	to buy	141		cəːŋ	2501	c əː ŋ	T3N
In	irr	to buy	141		cɔːŋ	2501	c ɔː ŋ	ToN
Katang	kgd	to buy	141		cəːŋ	2501	c əː ŋ	T3N
Katu-AnDiem	ktv	to buy	141		kʰɛn	2502	kʰ ɛ n	kh~En
Katu-AnDiem	ktv	to buy	141		makəl	2503	m a k ə l	mak3l
Kui(Sriwises1978)	kdt	to buy	141		toːr	2504	t oː r	tor
Kui(Huffman1979)	kdt	to buy	141		toːl	2504	t oː l	tol
Mankong	sss	to buy	141		cʌːŋ	2501	c ʌː ŋ	ToN
Nge'	ngt	to buy	141		cʌːŋ	2501	c ʌː ŋ	ToN
So-Khammouane	sss	to buy	141		cʌːŋ	2501	c ʌː ŋ	ToN
So-SakonNakhon	sss	to buy	141		cəːŋ	2501	c əː ŋ	T3N
Souei-Saravan	kdt	to buy	141		tual	2504	t ua l	tual
TaOi	tto	to buy	141		cɔːŋ	2501	c ɔː ŋ	ToN
Khasi	khi	to buy	141		tʰied	2505	tʰ ie d	th~ied
Pnar	pbv	to buy	141		tʰeid	2505	tʰ ei d	th~eid
War-Lamin	aml	to buy	141		kti	2485	k t i	kti
Khmer-Surin	kxm	to buy	141		tiɲ	2486	t i ɲ	ti5
Khmer-Standard	khm	to buy	141		ciev	2487	c ie v	Tiev
Khmer-Standard	khm	to buy	141		tɨɲ	2486	t ɨ ɲ	t35
Idu	tyh	to buy	141		klâ̤j	2488	k l â̤ j	klay
Khmu-Cuang	kjg	to buy	141		wɛːt	2489	w ɛː t	wEt
Khmu-Yuan	kjg	to buy	141		wɛ̀ːt	2489	w ɛ̀ː t	wEt
Mal-T'in	mlf	to buy	141		tʰoːn	2490	tʰ oː n	th~on
Bugan	bbh	to buy	141		bi³⁵	2492	b i	bi
Mang	zng	to buy	141		θuː³	2491	θ uː	8u
Mon	mnw	to buy	141		ràn	2493	r à n	ran
Nyahkur	cbn	to buy	141		ràːɲ	2493	r àː ɲ	ra5
Gorum	pcj	to buy	141		akuˀɟ	2494	a k uˀ ɟ	akuC
Kharia	khr	to buy	141		sɔŋ	2501	s ɔ ŋ	soN
Santali	sat	to buy	141		kiriɲ	2495	k i r i ɲ	kiri5
Sora	srb	to buy	141		ɲi	2496	ɲ i	5i
Car	caq	to buy	141		hawah	2497	h a w a h	hawah
Car	caq	to buy	141		ʔiɲih	2496	ʔ i ɲ i h	7i5ih
Nancowri	ncb	to buy	141		halaw	2497	h a l a w	halaw
Lawa(Ratanakul)	lcp	to buy	141		tʰui	2498	tʰ ui	th~ui
ManMet	mml	to buy	141		fai⁵⁵	2498	f ai	fai
Palaung-Dara'ang	pce	to buy	141		cə̆h	2499	c ə̆ h	T3h
Palaung-Kalaw	pce	to buy	141		caɯh	2499	c aɯ h	Tauh
Palaung-Namhsan	pce	to buy	141		ɟɯr	2499	ɟ ɯ r	Cur
Riang-Sak	ril	to buy	141		jɛl²	2499	j ɛ l	yEl
Wa-Praok	prk	to buy	141		ve	2498	v e	ve
Karii	pkt	to buy	141		caːk	2500	c aː k	Tak
Alak	alk	to cough	144		kəʔɔk	2577	k ə ʔ ɔ k	k37ok
Bahnar-Golar	bdq	to cough	144		hjɛn	2578	h j ɛ n	hyEn
Bahnar-Kontum	bdq	to cough	144		hjɛn	2578	h j ɛ n	hyEn
Bahnar-Pleiku	bdq	to cough	144		hjɛn	2578	h j ɛ n	hyEn
Brao	brb	to cough	144		kəʔɑk	2577	k ə ʔ ɑ k	k37ak
Cua	cua	to cough	144		kaʔʌk	2577	k a ʔ ʌ k	ka7ok
Halang	hal	to cough	144		kəʔok	2577	k ə ʔ o k	k37ok
Jeh	jeh	to cough	144		kəʔɔk	2577	k ə ʔ ɔ k	k37ok
Jru-Laven	lbo	to cough	144		kʔɔk	2577	k ʔ ɔ k	k7ok
Mnong-Rölöm	mng	to cough	144		siek	2579	s ie k	siek
Nyaheun	nev	to cough	144		gɔk	2580	g ɔ k	gok
Rengao	ren	to cough	144		kəʔɔk	2577	k ə ʔ ɔ k	k37ok
Sedang	sed	to cough	144		kəʔɔ̃	2577	k ə ʔ ɔ̃	k37o
Sre	kpm	to cough	144		bəsiaʔ	2579	b ə s ia ʔ	b3sia7
Stieng	sti	to cough	144		cʰiak	2579	cʰ ia k	Th~iak
Bru-Talan	oog	to cough	144		həŋɔʔ	2581	h ə ŋ ɔ ʔ	h3No7
Bru-Ubon	bru	to cough	144		ŋhɔʔ	2581	ŋ h ɔ ʔ	Nho7
In	irr	to cough	144		həŋɔʔ	2581	h ə ŋ ɔ ʔ	h3No7
Katang	kgd	to cough	144		hɔʔ	2581	h ɔ ʔ	ho7
Katu-AnDiem	ktv	to cough	144		kahɑk	2581	k a h ɑ k	kahak
Kui(Sriwises1978)	kdt	to cough	144		ŋhɑɁ	2581	ŋ h ɑ Ɂ	Nha7
Kui(Huffman1979)	kdt	to cough	144		kəhɑʔ	2581	k ə h ɑ ʔ	k3ha7
Mankong	sss	to cough	144		ŋhɑʔ	2581	ŋ h ɑ ʔ	Nha7
Nge'	ngt	to cough	144		kəhɔk	2581	k ə h ɔ k	k3hok
Pacoh	pac	to cough	144		kahɔʔ	2581	k a h ɔ ʔ	kaho7
So-Khammouane	sss	to cough	144		ŋkʰak	2581	ŋ kʰ a k	Nkh~ak
So-SakonNakhon	sss	to cough	144		ŋkʰɑk	2581	ŋ kʰ ɑ k	Nkh~ak
Souei-Saravan	kdt	to cough	144		hɛːn	2578	h ɛː n	hEn
TaOi	tto	to cough	144		kəhɔʔ	2581	k ə h ɔ ʔ	k3ho7
Khasi	khi	to cough	144		ɟrhoʔ	2581	ɟ r h o ʔ	Crho7
Pnar	pbv	to cough	144		kʔɔʔ	2577	k ʔ ɔ ʔ	k7o7
War-Lamin	aml	to cough	144		kʔɒʔ	2577	k ʔ ɒ ʔ	k7o7
Khmer-Surin	kxm	to cough	144		kɁɑːɁ	2577	k Ɂ ɑː Ɂ	k7a7
Khmer-Standard	khm	to cough	144		kɁɑːɁ	2577	k Ɂ ɑː Ɂ	k7a7
Idu	tyh	to cough	144		tûər	2570	t u ə r	t3r
Khmu-Cuang	kjg	to cough	144		hŋkɔːt	2571	h ŋ k ɔː t	hNkot
Khmu-Yuan	kjg	to cough	144		hŋkɔ́ːt	2571	h ŋ k ɔ́ː t	hNkot
Mal-T'in	mlf	to cough	144		tʰɔːɰ	2570	tʰ ɔː ɰ	th~ow
Bugan	bbh	to cough	144		o̱u̱³¹	2577	o̱u̱	ou
Mang	zng	to cough	144		ʔɔː¹hoː⁴	2577	ʔɔː¹ hoː⁴	7oho
Mon	mnw	to cough	144		hadaʔ	2572	h a d a ʔ	hada7
Nyahkur	cbn	to cough	144		cʰədák	2572	cʰ ə d á k	Th~3dak
Gorum	pcj	to cough	144		kuʔ	2581	k u ʔ	ku7
Kharia	khr	to cough	144		kʰuʔ	2581	kʰ u ʔ	kh~u7
Santali	sat	to cough	144		kʰuʔ	2581	kʰ u ʔ	kh~u7
Sora	srb	to cough	144		ko	2581	k o	ko
Car	caq	to cough	144		ʔɛhe	2573	ʔ ɛ h e	7Ehe
Car	caq	to cough	144		ʔuhɔf	2569	ʔ u h ɔ f	7uhof
Nancowri	ncb	to cough	144		ʔoʔoahhala	2569	ʔ o ʔ oa hh a l a	7o7oahhala
Lawa(Ratanakul)	lcp	to cough	144		ʔmaok	2574	ʔ m ao k	7maok
ManMet	mml	to cough	144		pot¹³kʰɔ³⁵	2575	pot¹³ kʰɔ³⁵	potkh~o
Palaung-Dara'ang	pce	to cough	144		kaʔowʔ	2577	ka ʔowʔ	ka7ow7
Palaung-Kalaw	pce	to cough	144		kaʔawʔ	2577	k a ʔ a w ʔ	ka7aw7
Palaung-Namhsan	pce	to cough	144		kənɔʔ	2577	k ə n ɔ ʔ	k3no7
Riang-Sak	ril	to cough	144		mɔŋ²kʰrɔ²	2575	mɔŋ² kʰrɔ²	moNkh~ro
Wa-Praok	prk	to cough	144		maɔk	2574	m aɔ k	maok
Karii	pkt	to cough	144		ʔuʔoːh	2569	ʔ u ʔ oː h	7u7oh
Vietnamese	vie	to cough	144		ho	2576	h o	ho
Alak	alk	to cry/weep	145		ɲiːm	2587	ɲ iː m	5im
Bahnar-Golar	bdq	to cry/weep	145		ɲəm	2587	ɲ ə m	53m
Bahnar-Golar	bdq	to cry/weep	145		hmɔːj	2588	h m ɔː j	hmoy
Bahnar-Kontum	bdq	to cry/weep	145		ɲəm	2587	ɲ ə m	53m
Bahnar-Kontum	bdq	to cry/weep	145		hmɔːj	2588	h m ɔː j	hmoy
Bahnar-Pleiku	bdq	to cry/weep	145		hmɔːj	2588	h m ɔː j	hmoy
Brao	brb	to cry/weep	145		ɲɨːm	2587	ɲ ɨː m	53m
Cua	cua	to cry/weep	145		ɲɨːm	2587	ɲ ɨː m	53m
Halang	hal	to cry/weep	145		ɲi̤əm	2587	ɲ i̤ə m	5i3m
Jeh	jeh	to cry/weep	145		ɲaːm	2587	ɲ aː m	5am
Jru-Laven	lbo	to cry/weep	145		ɲɨəm	2587	ɲ ɨə m	533m
Mnong-Rölöm	mng	to cry/weep	145		ɲiːm	2587	ɲ iː m	5im
Nyaheun	nev	to cry/weep	145		ɲɨəm	2587	ɲ ɨə m	533m
Rengao	ren	to cry/weep	145		krə	2589	k r ə	kr3
Rengao	ren	to cry/weep	145		bjəp	2590	b j ə p	by3p
Sedang	sed	to cry/weep	145		kəhõ̰j	2591	k ə h õ̰ j	k3hoy
Sre	kpm	to cry/weep	145		ɲim	2587	ɲ i m	5im
Stieng	sti	to cry/weep	145		ɲiːm	2587	ɲ iː m	5im
Bru-Talan	oog	to cry/weep	145		ɲaˀam	2587	ɲ aˀa m	5aam
Bru-Ubon	bru	to cry/weep	145		ɲiam	2587	ɲ ia m	5iam
In	irr	to cry/weep	145		ɲa̰ːm	2587	ɲ a̰ː m	5am
Katang	kgd	to cry/weep	145		ɲɨːam	2587	ɲ ɨːa m	53am
Katu-AnDiem	ktv	to cry/weep	145		ɲiːm	2587	ɲ iː m	5im
Kui(Sriwises1978)	kdt	to cry/weep	145		ɲiam	2587	ɲ ia m	5iam
Kui(Huffman1979)	kdt	to cry/weep	145		ɲe̤am	2587	ɲ e̤a m	5eam
Mankong	sss	to cry/weep	145		ɲi̤am	2587	ɲ i̤a m	5iam
Nge'	ngt	to cry/weep	145		ɲaːm	2587	ɲ aː m	5am
Pacoh	pac	to cry/weep	145		ɲiam	2587	ɲ ia m	5iam
So-Khammouane	sss	to cry/weep	145		ɲe̤am	2587	ɲ e̤a m	5eam
So-SakonNakhon	sss	to cry/weep	145		ɲe̤am	2587	ɲ e̤a m	5eam
Souei-Saravan	kdt	to cry/weep	145		ɲaːm	2587	ɲ aː m	5am
TaOi	tto	to cry/weep	145		ɲaːm	2587	ɲ aː m	5am
Khasi	khi	to cry/weep	145		jaːm	2582	j aː m	yam
Pnar	pbv	to cry/weep	145		jam	2582	j a m	yam
War-Lamin	aml	to cry/weep	145		njʊə	2582	n j ʊə	nyu3
Khmer-Surin	kxm	to cry/weep	145		jʊm	2582	j ʊ m	yum
Khmer-Standard	khm	to cry/weep	145		jum	2582	j u m	yum
Idu	tyh	to cry/weep	145		ɲî̤əm	2587	ɲ î̤ə m	5i3m
Khmu-Cuang	kjg	to cry/weep	145		jaːm	2582	j aː m	yam
Khmu-Yuan	kjg	to cry/weep	145		jàːm	2582	j àː m	yam
Mal-T'in	mlf	to cry/weep	145		ɲəm	2587	ɲ ə m	53m
Bugan	bbh	to cry/weep	145		ʑa³³	2582	ʑ a	Za
Mang	zng	to cry/weep	145		ɲaːm¹	2587	ɲ aː m	5am
Mon	mnw	to cry/weep	145		kərə̀ʔ	2589	k ə r ə̀ ʔ	k3r37
Nyahkur	cbn	to cry/weep	145		jàːm	2582	j àː m	yam
Gorum	pcj	to cry/weep	145		jeʔ	2583	j e ʔ	ye7
Kharia	khr	to cry/weep	145		iˈjam	2582	i ˈj a m	iyam
Santali	sat	to cry/weep	145		raʔ	2584	r a ʔ	ra7
Sora	srb	to cry/weep	145		ɛ	2583	ɛ	E
Car	caq	to cry/weep	145		pɯɲ	2585	p ɯ ɲ	pu5
Nancowri	ncb	to cry/weep	145		cim	2582	c i m	Tim
Lawa(Ratanakul)	lcp	to cry/weep	145		jɨəm	2582	j ɨə m	y33m
ManMet	mml	to cry/weep	145		ȵam³¹	2587	ȵ a m	5am
Palaung-Dara'ang	pce	to cry/weep	145		jam	2582	j a m	yam
Palaung-Kalaw	pce	to cry/weep	145		jaːŋ	2582	j aː ŋ	yaN
Palaung-Namhsan	pce	to cry/weep	145		jam	2582	j a m	yam
Riang-Sak	ril	to cry/weep	145		jɑm²	2582	j ɑ m	yam
Wa-Praok	prk	to cry/weep	145		jia̤m	2582	j ia̤ m	yiam
Karii	pkt	to cry/weep	145		jàːmʔ	2582	j àː m ʔ	yam7
Ruc	scb	to cry/weep	145		jəàm⁴	2582	j əà m	y3am
Vietnamese	vie	to cry/weep	145		khóc	2586	k h ó c	khoT
Alak	alk	to die	147		siːt	2620	s iː t	sit
Brao	brb	to die	147		keːt	2621	k eː t	ket
Cua	cua	to die	147		seːt	2620	s eː t	set
Halang	hal	to die	147		təkʰɔl	2622	t ə kʰ ɔ l	t3kh~ol
Jeh	jeh	to die	147		kəci̤at	2620	k ə c i̤a t	k3Tiat
Jru-Laven	lbo	to die	147		keːt	2621	k eː t	ket
Mnong-Rölöm	mng	to die	147		kʰɨt	2620	kʰ ɨ t	kh~3t
Nyaheun	nev	to die	147		keːt	2621	k eː t	ket
Rengao	ren	to die	147		hlat	2623	h l a t	hlat
Sedang	sed	to die	147		hlà	2623	h l à	hla
Sre	kpm	to die	147		cʰət	2620	cʰ ə t	Th~3t
Stieng	sti	to die	147		cʰet	2620	cʰ e t	Th~et
Bru-Talan	oog	to die	147		kəceːt	2620	k ə c eː t	k3Tet
Bru-Ubon	bru	to die	147		kəciːt	2620	k ə c iː t	k3Tit
In	irr	to die	147		kəceːt	2620	k ə c eː t	k3Tet
Katang	kgd	to die	147		kəcɪːt	2620	k ə c ɪː t	k3Tit
Katu-AnDiem	ktv	to die	147		cɛt	2620	c ɛ t	TEt
Kui(Sriwises1978)	kdt	to die	147		lɛ̀h	2624	l ɛ̀ h	lEh
Kui(Huffman1979)	kdt	to die	147		lɛ̤h	2624	l ɛ̤ h	lEh
Mankong	sss	to die	147		kuceːt	2620	k u c eː t	kuTet
Nge'	ngt	to die	147		kaceːt	2620	k a c eː t	kaTet
Pacoh	pac	to die	147		kucḭːt	2620	k u c ḭː t	kuTt
So-Khammouane	sss	to die	147		kuciːt	2620	k u c iː t	kuTit
So-SakonNakhon	sss	to die	147		kuciːt	2620	k u c iː t	kuTit
Souei-Saravan	kdt	to die	147		kəceːt	2620	k ə c eː t	k3Tet
TaOi	tto	to die	147		kəceːt	2620	k ə c eː t	k3Tet
Khasi	khi	to die	147		jap	2613	j a p	yap
Pnar	pbv	to die	147		jap	2613	j a p	yap
War-Lamin	aml	to die	147		jip	2613	j i p	yip
Khmer-Surin	kxm	to die	147		slap	2614	s l a p	slap
Khmer-Standard	khm	to die	147		slap	2614	s l a p	slap
Idu	tyh	to die	147		bɔ̤̂ɛ	2615	b ɔ̤̂ɛ	boE
Khmu-Cuang	kjg	to die	147		haːn	2616	h aː n	han
Khmu-Yuan	kjg	to die	147		háːn	2616	h áː n	han
Mal-T'in	mlf	to die	147		pəl	2615	p ə l	p3l
Bugan	bbh	to die	147		mʦa³¹	2620	m ʦ a	mca
Mang	zng	to die	147		θiːt⁷	2620	θ iː t	8it
Mon	mnw	to die	147		cʰɒt	2620	cʰ ɒ t	Th~ot
Nyahkur	cbn	to die	147		kəcɛ́t	2620	k ə c ɛ́ t	k3TEt
Gorum	pcj	to die	147		kiˀd	2618	k iˀ d	kid
Kharia	khr	to die	147		ɡɔeˀɟ	2617	ɡ ɔeˀ ɟ	goeC
Santali	sat	to die	147		goc˺	2617	g o c˺	goT
Sora	srb	to die	147		kʌɲid	2618	k ʌ ɲ i d	ko5id
Car	caq	to die	147		kapah	2612	k a p a h	kapah
Nancowri	ncb	to die	147		kapah	2612	k a p a h	kapah
Lawa(Ratanakul)	lcp	to die	147		jum	2619	j u m	yum
ManMet	mml	to die	147		ȵăm¹³	2619	ȵ ă m	5m
Palaung-Dara'ang	pce	to die	147		jăm	2619	j ă m	ym
Palaung-Kalaw	pce	to die	147		jam	2619	j a m	yam
Palaung-Namhsan	pce	to die	147		jəm	2619	j ə m	y3m
Riang-Sak	ril	to die	147		jam²	2619	j a m	yam
Wa-Praok	prk	to die	147		jṳm	2619	j ṳ m	ym
Karii	pkt	to die	147		kceːt	2620	k c eː t	kTet
Ruc	scb	to die	147		kəciːt⁷	2620	k ə c iː t	k3Tit
Vietnamese	vie	to die	147		chết	2620	c h e t	Tht
Alak	alk	to dream	149		mpaw	2651	m p a w	mpaw
Bahnar-Golar	bdq	to dream	149		həpɔː	2651	h ə p ɔː	h3po
Bahnar-Kontum	bdq	to dream	149		ʔapɔː	2651	ʔ a p ɔː	7apo
Bahnar-Pleiku	bdq	to dream	149		ʔapɔː	2651	ʔ a p ɔː	7apo
Cua	cua	to dream	149		paw	2651	p a w	paw
Halang	hal	to dream	149		həpoː	2651	h ə p oː	h3po
Jeh	jeh	to dream	149		ka̤ttri̤ʔ	2653	ka̤t tri̤ʔ	kattri7
Jeh	jeh	to dream	149		hmo̤ʔ	2654	h m o̤ ʔ	hmo7
Jru-Laven	lbo	to dream	149		pkuj	2652	p k u j	pkuy
Mnong-Rölöm	mng	to dream	149		bəːj	2655	b əː j	b3y
Nyaheun	nev	to dream	149		kkwiː	2652	kk w iː	kkwi
Rengao	ren	to dream	149		həpuː	2651	h ə p uː	h3pu
Sedang	sed	to dream	149		po̰w	2651	p o̰ w	pow
Sre	kpm	to dream	149		mpao	2651	m p ao	mpao
Stieng	sti	to dream	149		mbəːj	2655	m b əː j	mb3y
Bru-Talan	oog	to dream	149		mpɔˀɔ	2651	m p ɔˀɔ	mpoo
Bru-Ubon	bru	to dream	149		mpaw	2651	m p a w	mpaw
In	irr	to dream	149		mpɔ̰ː	2651	m p ɔ̰ː	mpo
Katang	kgd	to dream	149		mpaw	2651	m p a w	mpaw
Katu-AnDiem	ktv	to dream	149		mpɑː	2651	m p ɑː	mpa
Kui(Sriwises1978)	kdt	to dream	149		mpɑː	2651	m p ɑː	mpa
Kui(Huffman1979)	kdt	to dream	149		pɑːmic	2651	pɑː mic	pamiT
Mankong	sss	to dream	149		mpaw	2651	m p a w	mpaw
Nge'	ngt	to dream	149		mpɔː	2651	m p ɔː	mpo
Pacoh	pac	to dream	149		ʔəmpɔː	2651	ʔ ə m p ɔː	73mpo
So-Khammouane	sss	to dream	149		mpaw	2651	m p a w	mpaw
So-SakonNakhon	sss	to dream	149		mpaw	2651	m p a w	mpaw
Souei-Saravan	kdt	to dream	149		paw	2651	p a w	paw
TaOi	tto	to dream	149		mpɔː	2651	m p ɔː	mpo
Khasi	khi	to dream	149		pʰoʔsniew	2651	pʰoʔ sniew	ph~o7sniew
Pnar	pbv	to dream	149		jimpʰo	2651	j i m pʰ o	yimph~o
War-Lamin	aml	to dream	149		pəsmʊʔ	2654	p ə s m ʊ ʔ	p3smu7
Khmer-Standard	khm	to dream	149		soːŋ	2655	s oː ŋ	soN
Idu	tyh	to dream	149		hàmpêːw	2651	h à m p êː w	hampew
Khmu-Cuang	kjg	to dream	149		hmpoʔ	2651	h m p o ʔ	hmpo7
Khmu-Yuan	kjg	to dream	149		hmpóʔ	2651	h m p ó ʔ	hmpo7
Mal-T'in	mlf	to dream	149		mpʰɔʔ	2651	m pʰ ɔ ʔ	mph~o7
Bugan	bbh	to dream	149		mbo³¹	2651	m b o	mbo
Mang	zng	to dream	149		ʔɔː¹hak⁷	2656	ʔɔː¹ hak⁷	7ohak
Mon	mnw	to dream	149		kəpɔʔ	2651	k ə p ɔ ʔ	k3po7
Nyahkur	cbn	to dream	149		pɔ́ɔʔ	2651	p ɔ́ɔ ʔ	poo7
Gorum	pcj	to dream	149		gomteʔ	2648	g o m t e ʔ	gomte7
Kharia	khr	to dream	149		mui	2654	m ui	mui
Santali	sat	to dream	149		kukmu	2654	k u k m u	kukmu
Sora	srb	to dream	149		ɡɨmte	2648	ɡ ɨ m t e	g3mte
Car	caq	to dream	149		hɯːw	2649	h ɯː w	huw
Nancowri	ncb	to dream	149		ʔinfuá	2651	ʔ i n f uá	7infua
Lawa(Ratanakul)	lcp	to dream	149		ləmoʔ	2654	l ə m o ʔ	l3mo7
ManMet	mml	to dream	149		ɛt⁵³lɔm³¹	2650	ɛt⁵³ lɔm³¹	Etlom
Palaung-Dara'ang	pce	to dream	149		mbaːw	2651	m baːw	mbaw
Palaung-Kalaw	pce	to dream	149		mɓaw	2651	m ɓ a w	mpaw
Palaung-Namhsan	pce	to dream	149		rənpo	2651	r ə n p o	r3npo
Riang-Sak	ril	to dream	149		rᵊmuʔ²	2654	rᵊ m u ʔ	rmu7
Wa-Praok	prk	to dream	149		ʨama̤ɔʔ	2654	ʨa ma̤ɔʔ	Camao7
Karii	pkt	to dream	149		srpoː	2651	s r p oː	srpo
Ruc	scb	to dream	149		cəpoː¹	2651	c ə p oː	T3po
Vietnamese	vie	to dream	149		bao	2651	b ao	bao
Alak	alk	to eat	151		caː	2681	c aː	Ta
Bahnar-Golar	bdq	to eat	151		saː	2681	s aː	sa
Bahnar-Kontum	bdq	to eat	151		saː	2681	s aː	sa
Bahnar-Pleiku	bdq	to eat	151		saː	2681	s aː	sa
Brao	brb	to eat	151		caː	2681	c aː	Ta
Cua	cua	to eat	151		saː	2681	s aː	sa
Halang	hal	to eat	151		caː	2681	c aː	Ta
Jeh	jeh	to eat	151		caː	2681	c aː	Ta
Jru-Laven	lbo	to eat	151		caː	2681	c aː	Ta
Mnong-Rölöm	mng	to eat	151		soːŋ	2691	s oː ŋ	soN
Mnong-Rölöm	mng	to eat	151		saː	2681	s aː	sa
Nyaheun	nev	to eat	151		ca	2681	c a	Ta
Rengao	ren	to eat	151		kaʔ	2692	k a ʔ	ka7
Sedang	sed	to eat	151		ka	2692	k a	ka
Sre	kpm	to eat	151		saː	2681	s aː	sa
Stieng	sti	to eat	151		saː	2681	s aː	sa
Bru-Talan	oog	to eat	151		caˀa	2681	c aˀa	Taa
Bru-Ubon	bru	to eat	151		caː	2681	c aː	Ta
In	irr	to eat	151		ca̰ː	2681	c a̰ː	Ta
Katang	kgd	to eat	151		caː	2681	c aː	Ta
Katu-AnDiem	ktv	to eat	151		caː	2681	c aː	Ta
Kui(Sriwises1978)	kdt	to eat	151		caː	2681	c aː	Ta
Kui(Huffman1979)	kdt	to eat	151		caː	2681	c aː	Ta
Mankong	sss	to eat	151		caː	2681	c aː	Ta
Nge'	ngt	to eat	151		caː	2681	c aː	Ta
Pacoh	pac	to eat	151		caː	2681	c aː	Ta
So-Khammouane	sss	to eat	151		ciə	2681	c iə	Ti3
So-SakonNakhon	sss	to eat	151		ciə	2681	c iə	Ti3
Souei-Saravan	kdt	to eat	151		caː	2681	c aː	Ta
TaOi	tto	to eat	151		caː	2681	c aː	Ta
Khasi	khi	to eat	151		baːm	2693	b aː m	bam
Pnar	pbv	to eat	151		bam	2693	b a m	bam
War-Lamin	aml	to eat	151		bʊə	2693	b ʊə	bu3
Khmer-Surin	kxm	to eat	151		siː	2681	s iː	si
Khmer-Standard	khm	to eat	151		siː	2681	s iː	si
Khmer-Standard	khm	to eat	151		ɲaːm	2688	ɲ aː m	5am
Khmer-Standard	khm	to eat	151		hoːp	2694	h oː p	hop
Idu	tyh	to eat	151		câ̰ː	2681	c â̰ː	Ta
Khmu-Cuang	kjg	to eat	151		mah	2695	m a h	mah
Khmu-Yuan	kjg	to eat	151		màh	2695	m à h	mah
Mal-T'in	mlf	to eat	151		pɔŋ	2682	p ɔ ŋ	poN
Bugan	bbh	to eat	151		ʦo̱u̱³¹	2681	ʦ o̱u̱	cou
Mang	zng	to eat	151		θaː³	2681	θ aː	8a
Mon	mnw	to eat	151		cɛʔ	2681	c ɛ ʔ	TE7
Nyahkur	cbn	to eat	151		caːʔ	2681	c aː ʔ	Ta7
Gorum	pcj	to eat	151		zum	2683	z u m	zum
Kharia	khr	to eat	151		j̃ɔʔ	2684	j̃ ɔ ʔ	yo7
Kharia	khr	to eat	151		ɲoʔ	2684	ɲ o ʔ	5o7
Santali	sat	to eat	151		ɟom	2683	ɟ o m	Com
Sora	srb	to eat	151		ɟom	2683	ɟ o m	Com
Car	caq	to eat	151		ɲa	2685	ɲ a	5a
Nancowri	ncb	to eat	151		ʃaː	2681	ʃ aː	Sa
Nancowri	ncb	to eat	151		ʔokŋok	2686	ʔ o k ŋ o k	7okNok
Lawa(Ratanakul)	lcp	to eat	151		pʰɨəm	2687	pʰ ɨə m	ph~33m
Lawa(Ratanakul)	lcp	to eat	151		som	2687	s o m	som
ManMet	mml	to eat	151		kʰai³¹	2689	kʰ ai	kh~ai
Palaung-Dara'ang	pce	to eat	151		hom	2687	h o m	hom
Palaung-Kalaw	pce	to eat	151		houŋ	2687	h ou ŋ	houN
Palaung-Namhsan	pce	to eat	151		hɔm	2687	h ɔ m	hom
Riang-Sak	ril	to eat	151		suam¹	2687	s ua m	suam
Wa-Praok	prk	to eat	151		sɔm	2687	s ɔ m	som
Karii	pkt	to eat	151		ʔan	2690	ʔ a n	7an
Ruc	scb	to eat	151		ʔan¹	2690	ʔ a n	7an
Vietnamese	vie	to eat	151		ăn	2690	ă n	n
Alak	alk	to flee/run (away)	154		du	2753	d u	du
Bahnar-Golar	bdq	to flee/run (away)	154		ɟak	2785	ɟ a k	Cak
Bahnar-Golar	bdq	to flee/run (away)	154		klɛɲ	2788	k l ɛ ɲ	klE5
Bahnar-Kontum	bdq	to flee/run (away)	154		ɟak	2785	ɟ a k	Cak
Bahnar-Pleiku	bdq	to flee/run (away)	154		ɟak	2785	ɟ a k	Cak
Bahnar-Pleiku	bdq	to flee/run (away)	154		klɛɲ	2788	k l ɛ ɲ	klE5
Brao	brb	to flee/run (away)	154		trəja̤ːw	2789	t r ə j a̤ː w	tr3yaw
Cua	cua	to flee/run (away)	154		carəːk	2754	c a r əː k	Tar3k
Cua	cua	to flee/run (away)	154		saɗak	2755	s a ɗ a k	saTak
Halang	hal	to flee/run (away)	154		gədo̤ːw	2753	g ə d o̤ː w	g3dow
Jeh	jeh	to flee/run (away)	154		kəda̤wdɔːk	2753	kəda̤w dɔːk	k3dawdok
Jru-Laven	lbo	to flee/run (away)	154		hdʌw	2753	h d ʌ w	hdow
Mnong-Rölöm	mng	to flee/run (away)	154		duː	2753	d uː	du
Mnong-Rölöm	mng	to flee/run (away)	154		ŋap	2756	ŋ a p	Nap
Nyaheun	nev	to flee/run (away)	154		ruː	2753	r uː	ru
Rengao	ren	to flee/run (away)	154		kədə̤w	2753	k ə d ə̤ w	k3d3w
Rengao	ren	to flee/run (away)	154		kədə̤wtəmɔt	2753	kədə̤w təmɔt	k3d3wt3mot
Rengao	ren	to flee/run (away)	154		lel	2757	l e l	lel
Sedang	sed	to flee/run (away)	154		kətaw	2753	k ə t a w	k3taw
Sre	kpm	to flee/run (away)	154		du	2753	d u	du
Stieng	sti	to flee/run (away)	154		duː	2753	d uː	du
Bru-Talan	oog	to flee/run (away)	154		luh	2758	l u h	luh
Bru-Ubon	bru	to flee/run (away)	154		təlṳh	2758	t ə l ṳ h	t3lh
In	irr	to flee/run (away)	154		həluh	2758	h ə l u h	h3luh
Katang	kgd	to flee/run (away)	154		ŋɨajʔ	2759	ŋ ɨa j ʔ	N3ay7
Katang	kgd	to flee/run (away)	154		luːən	2760	l uːə n	lu3n
Katu-AnDiem	ktv	to flee/run (away)	154		sɔːʔ	2761	s ɔː ʔ	so7
Katu-AnDiem	ktv	to flee/run (away)	154		bluːj	2762	b l uː j	bluy
Katu-AnDiem	ktv	to flee/run (away)	154		mut	2763	m u t	mut
Kui(Sriwises1978)	kdt	to flee/run (away)	154		mprɔɲ	2764	m p r ɔ ɲ	mpro5
Kui(Huffman1979)	kdt	to flee/run (away)	154		li̤əh	2765	l i̤ə h	li3h
Mankong	sss	to flee/run (away)	154		dɛːʔ	2766	d ɛː ʔ	dE7
Nge'	ngt	to flee/run (away)	154		tarluh	2758	t a r l u h	tarluh
Pacoh	pac	to flee/run (away)	154		luh	2758	l u h	luh
So-Khammouane	sss	to flee/run (away)	154		li̤c	2767	l i̤ c	liT
So-SakonNakhon	sss	to flee/run (away)	154		li̤t	2767	l i̤ t	lit
Souei-Saravan	kdt	to flee/run (away)	154		proːɲ	2764	p r oː ɲ	pro5
TaOi	tto	to flee/run (away)	154		luh	2758	l u h	luh
Khasi	khi	to flee/run (away)	154		pʰet	2768	pʰ e t	ph~et
Pnar	pbv	to flee/run (away)	154		pʰɛt̪	2768	pʰ ɛ t̪	ph~Et
War-Lamin	aml	to flee/run (away)	154		pʰet	2768	pʰ e t	ph~et
Khmer-Surin	kxm	to flee/run (away)	154		pɯat	2769	p ɯa t	puat
Khmer-Surin	kxm	to flee/run (away)	154		ruat	2770	r ua t	ruat
Khmer-Standard	khm	to flee/run (away)	154		rʊət	2770	r ʊə t	ru3t
Khmer-Standard	khm	to flee/run (away)	154		pʰieh	2771	pʰ ie h	ph~ieh
Idu	tyh	to flee/run (away)	154		tṵ̂ə	2753	t ṵ̂ə	t3
Khmu-Cuang	kjg	to flee/run (away)	154		duʔ	2753	d u ʔ	du7
Khmu-Yuan	kjg	to flee/run (away)	154		tùʔ	2753	t u ʔ	tu7
Khmu-Yuan	kjg	to flee/run (away)	154		rə̀ːc	2772	r ə̀ː c	r3T
Mal-T'in	mlf	to flee/run (away)	154		pajh	2771	p a j h	payh
Mal-T'in	mlf	to flee/run (away)	154		nsɔh	2773	n s ɔ h	nsoh
Bugan	bbh	to flee/run (away)	154		qʰɛ̱i̱⁵⁵	2774	qʰ ɛ̱i̱	qh~Ei
Mang	zng	to flee/run (away)	154		ʔuː¹	2775	ʔ uː	7u
Mang	zng	to flee/run (away)	154		ɗɛː³	2766	ɗ ɛː	TE
Mon	mnw	to flee/run (away)	154		tɛ̀a	2766	t ɛ̀a	tEa
Nyahkur	cbn	to flee/run (away)	154		tʰɤ̀w	2753	tʰ ɤ̀ w	th~ow
Gorum	pcj	to flee/run (away)	154		je	2776	j e	ye
Kharia	khr	to flee/run (away)	154		jɑr	2776	j ɑ r	yar
Kharia	khr	to flee/run (away)	154		pʰirpʰiraj	2777	pʰ i r pʰ i r a j	ph~irph~iray
Santali	sat	to flee/run (away)	154		ɲir	2776	ɲ i r	5ir
Sora	srb	to flee/run (away)	154		jer	2776	j e r	yer
Car	caq	to flee/run (away)	154		fal	2778	f a l	fal
Nancowri	ncb	to flee/run (away)	154		dian	2779	d ia n	dian
Nancowri	ncb	to flee/run (away)	154		lɔ	2780	l ɔ	lo
Lawa(Ratanakul)	lcp	to flee/run (away)	154		tɔ	2753	t ɔ	to
Palaung-Dara'ang	pce	to flee/run (away)	154		kablɛp	2787	k a b l ɛ p	kablEp
Palaung-Dara'ang	pce	to flee/run (away)	154		tɔ	2753	t ɔ	to
Palaung-Kalaw	pce	to flee/run (away)	154		leçtaw	2753	leç taw	leStaw
Palaung-Namhsan	pce	to flee/run (away)	154		du	2753	d u	du
Riang-Sak	ril	to flee/run (away)	154		lɔːl²lɛ²	2781	lɔːl² lɛ²	lollE
Wa-Praok	prk	to flee/run (away)	154		to	2753	t o	to
Wa-Praok	prk	to flee/run (away)	154		lṳatluan	2782	lṳat luan	latluan
Karii	pkt	to flee/run (away)	154		crəːŋ	2783	c r əː ŋ	Tr3N
Ruc	scb	to flee/run (away)	154		taŋaj³	2784	t a ŋ a j	taNay
Vietnamese	vie	to flee/run (away)	154		chạy	2786	c h a y	Thi
Alak	alk	to fly	155		par	2790	p a r	par
Bahnar-Golar	bdq	to fly	155		par	2790	p a r	par
Bahnar-Kontum	bdq	to fly	155		par	2790	p a r	par
Bahnar-Pleiku	bdq	to fly	155		par	2790	p a r	par
Brao	brb	to fly	155		par	2790	p a r	par
Cua	cua	to fly	155		pʌl	2790	p ʌ l	pol
Halang	hal	to fly	155		par	2790	p a r	par
Jeh	jeh	to fly	155		təpal	2790	t ə p a l	t3pal
Jru-Laven	lbo	to fly	155		par	2790	p a r	par
Mnong-Rölöm	mng	to fly	155		par	2790	p a r	par
Nyaheun	nev	to fly	155		pan	2790	p a n	pan
Rengao	ren	to fly	155		par	2790	p a r	par
Sedang	sed	to fly	155		kəníaŋ	2798	k ə n ía ŋ	k3niaN
Sre	kpm	to fly	155		par	2790	p a r	par
Stieng	sti	to fly	155		par	2790	p a r	par
Bru-Talan	oog	to fly	155		par	2790	p a r	par
Bru-Ubon	bru	to fly	155		par	2790	p a r	par
In	irr	to fly	155		par	2790	p a r	par
Katang	kgd	to fly	155		par	2790	p a r	par
Katu-AnDiem	ktv	to fly	155		par	2790	p a r	par
Kui(Sriwises1978)	kdt	to fly	155		paːr	2790	p aː r	par
Kui(Huffman1979)	kdt	to fly	155		pal	2790	p a l	pal
Mankong	sss	to fly	155		par	2790	p a r	par
Nge'	ngt	to fly	155		par	2790	p a r	par
Pacoh	pac	to fly	155		par	2790	p a r	par
So-Khammouane	sss	to fly	155		par	2790	p a r	par
So-SakonNakhon	sss	to fly	155		par	2790	p a r	par
Souei-Saravan	kdt	to fly	155		pal	2790	p a l	pal
TaOi	tto	to fly	155		par	2790	p a r	par
Khasi	khi	to fly	155		hɛːr	2799	h ɛː r	hEr
Pnar	pbv	to fly	155		hɛːr	2799	h ɛː r	hEr
War-Lamin	aml	to fly	155		piar	2790	p ia r	piar
Khmer-Surin	kxm	to fly	155		hʌːr	2799	h ʌː r	hor
Khmer-Standard	khm	to fly	155		haə	2799	h aə	ha3
Idu	tyh	to fly	155		hàmpɔ̰̂ːr	2800	h à m p ɔ̰̂ː r	hampor
Khmu-Cuang	kjg	to fly	155		tɨːr	2801	t ɨː r	t3r
Khmu-Yuan	kjg	to fly	155		tɨ́ːr	2801	t ɨ́ː r	t3r
Mal-T'in	mlf	to fly	155		saːn	2791	s aː n	san
Bugan	bbh	to fly	155		tʰu³¹	2801	tʰ u	th~u
Mon	mnw	to fly	155		pɔ	2790	p ɔ	po
Nyahkur	cbn	to fly	155		pʰár	2790	pʰ á r	ph~ar
Gorum	pcj	to fly	155		ur	2793	u r	ur
Kharia	khr	to fly	155		lɛŋ	2794	l ɛ ŋ	lEN
Santali	sat	to fly	155		uɖəw	2792	u ɖ ə w	ud3w
Santali	sat	to fly	155		apir	2790	a p i r	apir
Sora	srb	to fly	155		eːŋ	2795	eː ŋ	eN
Car	caq	to fly	155		kitɯʔ	2796	k i t ɯ ʔ	kitu7
Nancowri	ncb	to fly	155		hēhhaŋa	2797	h ē hh a ŋ a	hehhaNa
Lawa(Ratanakul)	lcp	to fly	155		pəo	2790	p əo	p3o
ManMet	mml	to fly	155		pʰɤn⁵⁵	2790	pʰ ɤ n	ph~on
Palaung-Dara'ang	pce	to fly	155		bǝ̆n	2790	b ǝ̆ n	b3n
Palaung-Kalaw	pce	to fly	155		ʔeɓenhaːw	2790	ʔe ɓen haːw	7epenhaw
Palaung-Namhsan	pce	to fly	155		pər	2790	p ə r	p3r
Riang-Sak	ril	to fly	155		pɤr¹	2790	p ɤ r	por
Wa-Praok	prk	to fly	155		po	2790	p o	po
Karii	pkt	to fly	155		pər	2790	p ə r	p3r
Ruc	scb	to fly	155		pəl¹	2790	p ə l	p3l
Vietnamese	vie	to fly	155		bay	2790	b ay	bai
Alak	alk	to forget	156		wawɨŋ	2824	w a w ɨ ŋ	waw3N
Bahnar-Golar	bdq	to forget	156		hjəːt	2825	h j əː t	hy3t
Bahnar-Kontum	bdq	to forget	156		hjəːt	2825	h j əː t	hy3t
Bahnar-Pleiku	bdq	to forget	156		hjəːt	2825	h j əː t	hy3t
Brao	brb	to forget	156		wɨːɲ	2824	w ɨː ɲ	w35
Cua	cua	to forget	156		tawʌl	2820	t a w ʌ l	tawol
Halang	hal	to forget	156		təwil	2820	t ə w i l	t3wil
Jeh	jeh	to forget	156		təwa̤l	2820	t ə w a̤ l	t3wal
Jru-Laven	lbo	to forget	156		biːl	2827	b iː l	bil
Mnong-Rölöm	mng	to forget	156		wartoːr	2828	war toːr	wartor
Mnong-Rölöm	mng	to forget	156		ɟaŋwaːr	2828	ɟaŋ waːr	CaNwar
Nyaheun	nev	to forget	156		wwɨəɲ	2824	ww ɨə ɲ	ww335
Rengao	ren	to forget	156		he̤ːt	2825	h e̤ː t	het
Sedang	sed	to forget	156		hĩət	2825	h ĩə t	hi3t
Sedang	sed	to forget	156		piw	2827	p i w	piw
Sre	kpm	to forget	156		huiʔ	2826	h ui ʔ	hui7
Stieng	sti	to forget	156		həwec	2826	h ə w e c	h3weT
Bru-Talan	oog	to forget	156		ləjhəjɨː	2802	ləj həjɨː	l3yh3y3
Bru-Ubon	bru	to forget	156		sareːl	2803	s a r eː l	sarel
In	irr	to forget	156		ləjʔhəjɨː	2802	ləjʔ həjɨː	l3y7h3y3
Katang	kgd	to forget	156		həlɪːr	2804	h ə l ɪː r	h3lir
Katu-AnDiem	ktv	to forget	156		hawil	2820	h a w i l	hawil
Kui(Sriwises1978)	kdt	to forget	156		klɑʔ	2805	k l ɑ ʔ	kla7
Kui(Huffman1979)	kdt	to forget	156		klʌʔ	2805	k l ʌ ʔ	klo7
Mankong	sss	to forget	156		kleːr	2804	k l eː r	kler
Nge'	ngt	to forget	156		wɨŋ	2824	w ɨ ŋ	w3N
Pacoh	pac	to forget	156		ʔalṵːj	2806	ʔ a l ṵː j	7aly
Pacoh	pac	to forget	156		klḭːr	2804	k l ḭː r	klr
So-Khammouane	sss	to forget	156		kʰi̤ːl	2804	kʰ i̤ː l	kh~il
So-SakonNakhon	sss	to forget	156		kʰiːl	2804	kʰ iː l	kh~il
Souei-Saravan	kdt	to forget	156		klɔʔ	2805	k l ɔ ʔ	klo7
Khasi	khi	to forget	156		klet	2807	k l e t	klet
Pnar	pbv	to forget	156		ml̩liɲ	2808	m l̩ l i ɲ	mlli5
War-Lamin	aml	to forget	156		plieŋ	2808	p l ie ŋ	plieN
Khmer-Surin	kxm	to forget	156		ŋwɪːɲ	2824	ŋ w ɪː ɲ	Nwi5
Khmer-Surin	kxm	to forget	156		pʰlɪc	2809	pʰ l ɪ c	ph~liT
Khmer-Standard	khm	to forget	156		plɨc	2809	p l ɨ c	pl3T
Idu	tyh	to forget	156		kalláːt	2810	k a ll áː t	kallat
Khmu-Cuang	kjg	to forget	156		hloŋ	2811	h l o ŋ	hloN
Khmu-Yuan	kjg	to forget	156		lóŋ	2811	l ó ŋ	loN
Mal-T'in	mlf	to forget	156		coːm	2812	c oː m	Tom
Bugan	bbh	to forget	156		mɯ⁵⁵ʑa̱⁵⁵	2813	m ɯ ʑ a̱	muZa
Mang	zng	to forget	156		tɯŋ²ʔɛː³	2814	tɯŋ² ʔɛː³	tuN7E
Mon	mnw	to forget	156		wɜ̀t	2815	w ɜ̀ t	w3t
Nyahkur	cbn	to forget	156		tʰəwɯ̀t	2815	tʰ ə w ɯ̀ t	th~3wut
Gorum	pcj	to forget	156		bana	2816	b a n a	bana
Kharia	khr	to forget	156		iˈriˀb	2817	i ˈr iˀ b	irib
Santali	sat	to forget	156		hiɽiɲ	2818	h i ɽ i ɲ	hiri5
Sora	srb	to forget	156		kʌroda	2819	k ʌ r o d a	koroda
Car	caq	to forget	156		wacŋə	2821	wac ŋə	waTN3
Nancowri	ncb	to forget	156		wacŋa	2821	w a c ŋ a	waTNa
Lawa(Ratanakul)	lcp	to forget	156		mbiə	2822	m b iə	mbi3
ManMet	mml	to forget	156		kʰɔʔ⁵³pin³⁵	2827	kʰɔʔ⁵³ pin³⁵	kh~o7pin
Palaung-Dara'ang	pce	to forget	156		piw	2827	p i w	piw
Palaung-Kalaw	pce	to forget	156		piːw	2827	p iː w	piw
Palaung-Namhsan	pce	to forget	156		bir	2827	b i r	bir
Riang-Sak	ril	to forget	156		ɓiːl¹	2827	ɓ iː l	pil
Wa-Praok	prk	to forget	156		pi̤	2827	p i̤	pi
Karii	pkt	to forget	156		lic	2809	l i c	liT
Karii	pkt	to forget	156		pròːj	2823	p r òː j	proy
Ruc	scb	to forget	156		vɨ̀ːl	2820	v ɨ̀ː l	v3l
Vietnamese	vie	to forget	156		quên	2824	q u ê n	quen
Alak	alk	to give	157		ʔam	2844	ʔ a m	7am
Bahnar-Golar	bdq	to give	157		ʔan	2845	ʔ a n	7an
Bahnar-Kontum	bdq	to give	157		ʔan	2845	ʔ a n	7an
Bahnar-Kontum	bdq	to give	157		ʔam	2844	ʔ a m	7am
Bahnar-Pleiku	bdq	to give	157		ʔan	2845	ʔ a n	7an
Brao	brb	to give	157		ʔam	2844	ʔ a m	7am
Cua	cua	to give	157		ʔam	2844	ʔ a m	7am
Halang	hal	to give	157		ʔam	2844	ʔ a m	7am
Jeh	jeh	to give	157		doh	2842	d o h	doh
Jru-Laven	lbo	to give	157		ʔam	2844	ʔ a m	7am
Mnong-Rölöm	mng	to give	157		ʔan	2845	ʔ a n	7an
Nyaheun	nev	to give	157		ʔəm	2844	ʔ ə m	73m
Rengao	ren	to give	157		ʔam	2844	ʔ a m	7am
Sedang	sed	to give	157		ʔa̰m	2844	ʔ a̰ m	7am
Sre	kpm	to give	157		ʔaj	2829	ʔ a j	7ay
Sre	kpm	to give	157		paː	2847	p aː	pa
Stieng	sti	to give	157		ʔaːn	2845	ʔ aː n	7an
Bru-Talan	oog	to give	157		joˀon	2843	j oˀo n	yoon
Bru-Ubon	bru	to give	157		ʔoːn	2845	ʔ oː n	7on
In	irr	to give	157		ɟo̰ːn	2843	ɟ o̰ː n	Con
Katang	kgd	to give	157		ʔoːn	2845	ʔ oː n	7on
Katu-AnDiem	ktv	to give	157		ɗɑŋ	2846	ɗ ɑ ŋ	TaN
Kui(Sriwises1978)	kdt	to give	157		ʔɑːn	2845	ʔ ɑː n	7an
Kui(Huffman1979)	kdt	to give	157		ʔɑːn	2845	ʔ ɑː n	7an
Mankong	sss	to give	157		jɔːn	2843	j ɔː n	yon
Nge'	ngt	to give	157		ɗɔŋ	2846	ɗ ɔ ŋ	ToN
Pacoh	pac	to give	157		dɔŋ	2846	d ɔ ŋ	doN
So-Khammouane	sss	to give	157		ʔɔːn	2845	ʔ ɔː n	7on
So-SakonNakhon	sss	to give	157		ʔɔːn	2845	ʔ ɔː n	7on
Souei-Saravan	kdt	to give	157		ʔoːn	2845	ʔ oː n	7on
TaOi	tto	to give	157		ɟoːn	2843	ɟ oː n	Con
Khasi	khi	to give	157		ʔaj	2829	ʔ a j	7ay
Pnar	pbv	to give	157		ʔe	2829	ʔ e	7e
War-Lamin	aml	to give	157		ʔa	2829	ʔ a	7a
Khmer-Surin	kxm	to give	157		ʔɔːj	2829	ʔ ɔː j	7oy
Khmer-Standard	khm	to give	157		ʔaoj	2829	ʔ ao j	7aoy
Idu	tyh	to give	157		mâ̰ː	2830	m â̰ː	ma
Khmu-Cuang	kjg	to give	157		ʔan	2845	ʔ a n	7an
Khmu-Yuan	kjg	to give	157		ʔùːn	2845	ʔ uː n	7un
Mal-T'in	mlf	to give	157		ʔaŋ	2845	ʔ a ŋ	7aN
Bugan	bbh	to give	157		ta̱³⁵ti⁵⁵	2831	ta̱³⁵ ti⁵⁵	tati
Mang	zng	to give	157		ʔɔː¹	2832	ʔ ɔː	7o
Mon	mnw	to give	157		kɑ	2833	k ɑ	ka
Nyahkur	cbn	to give	157		kul	2833	k u l	kul
Gorum	pcj	to give	157		ta̰j	2834	t a̰ j	tay
Kharia	khr	to give	157		ɔ̃e	2829	ɔ̃e	oe
Santali	sat	to give	157		em	2844	e m	em
Sora	srb	to give	157		tɨj	2834	t ɨ j	t3y
Car	caq	to give	157		keʔ	2835	k e ʔ	ke7
Nancowri	ncb	to give	157		koam	2836	k oa m	koam
Lawa(Ratanakul)	lcp	to give	157		kʰiəh	2837	kʰ iə h	kh~i3h
ManMet	mml	to give	157		tʰo³⁵	2840	tʰ o	th~o
Palaung-Dara'ang	pce	to give	157		taih	2839	t ai h	taih
Palaung-Kalaw	pce	to give	157		ɗuak	2838	ɗ ua k	Tuak
Palaung-Namhsan	pce	to give	157		dɛh	2839	d ɛ h	dEh
Riang-Sak	ril	to give	157		ʔɛ¹	2829	ʔ ɛ	7E
Wa-Praok	prk	to give	157		tɔʔ	2840	t ɔ ʔ	to7
Karii	pkt	to give	157		cəːn	2843	c əː n	T3n
Ruc	scb	to give	157		cə¹	2841	c ə	T3
Vietnamese	vie	to give	157		cho	2841	c h o	Tho
Alak	alk	to itch/itchy	161		tʻarpʻɔːc	2971	tʻ a r pʻ ɔː c	tarpoT
Bahnar-Golar	bdq	to itch/itchy	161		dədiːk	2972	d ə d iː k	d3dik
Bahnar-Kontum	bdq	to itch/itchy	161		səsɛːk	2973	s ə s ɛː k	s3sEk
Bahnar-Pleiku	bdq	to itch/itchy	161		səsɛːk	2973	s ə s ɛː k	s3sEk
Brao	brb	to itch/itchy	161		ɟɨːʔ	2952	ɟ ɨː ʔ	C37
Cua	cua	to itch/itchy	161		hmɔːc	2971	h m ɔː c	hmoT
Halang	hal	to itch/itchy	161		kəmaːn	2954	k ə m aː n	k3man
Halang	hal	to itch/itchy	161		ləlɔʔ	2955	l ə l ɔ ʔ	l3lo7
Jeh	jeh	to itch/itchy	161		llɔːwʔ	2955	ll ɔː w ʔ	llow7
Jru-Laven	lbo	to itch/itchy	161		hkiat	2953	h k ia t	hkiat
Mnong-Rölöm	mng	to itch/itchy	161		kiet	2953	k ie t	kiet
Nyaheun	nev	to itch/itchy	161		giat	2953	g ia t	giat
Rengao	ren	to itch/itchy	161		təhan	2956	t ə h a n	t3han
Sre	kpm	to itch/itchy	161		kiat	2953	k ia t	kiat
Stieng	sti	to itch/itchy	161		raːŋruh	2957	r aː ŋ r u h	raNruh
Bru-Talan	oog	to itch/itchy	161		cʰɔːjʔ	2958	cʰ ɔː j ʔ	Th~oy7
Bru-Ubon	bru	to itch/itchy	161		piːh	2959	p iː h	pih
In	irr	to itch/itchy	161		sɔːjʔ	2958	s ɔː j ʔ	soy7
Katang	kgd	to itch/itchy	161		nsɔːjʔ	2958	n s ɔː j ʔ	nsoy7
Kui(Sriwises1978)	kdt	to itch/itchy	161		ɲcʰɑːc	2958	ɲ cʰ ɑː c	5Th~aT
Kui(Huffman1979)	kdt	to itch/itchy	161		ɲcɑːc	2958	ɲ c ɑː c	5TaT
Mankong	sss	to itch/itchy	161		nsɔːjʔ	2958	n s ɔː j ʔ	nsoy7
Nge'	ngt	to itch/itchy	161		mpiːh	2959	m p iː h	mpih
Pacoh	pac	to itch/itchy	161		ʔasɔːjʔ	2958	ʔ a s ɔː j ʔ	7asoy7
So-Khammouane	sss	to itch/itchy	161		nsɑːc	2958	n s ɑː c	nsaT
So-SakonNakhon	sss	to itch/itchy	161		nsɑːt	2958	n s ɑː t	nsat
Souei-Saravan	kdt	to itch/itchy	161		sɔːc	2958	s ɔː c	soT
TaOi	tto	to itch/itchy	161		sɔːjʔ	2958	s ɔː j ʔ	soy7
Khasi	khi	to itch/itchy	161		skuɲ	2960	s k u ɲ	sku5
Pnar	pbv	to itch/itchy	161		boːʲd̪	2971	b oːʲ d̪	boy~d
War-Lamin	aml	to itch/itchy	161		tbʊt	2971	t b ʊ t	tbut
Khmer-Surin	kxm	to itch/itchy	161		rmɯah	2961	r m ɯa h	rmuah
Khmer-Standard	khm	to itch/itchy	161		rɔmoah	2961	r ɔ m oa h	romoah
Idu	tyh	to itch/itchy	161		ŋâ̰ː	2962	ŋ â̰ː	Na
Khmu-Cuang	kjg	to itch/itchy	161		ŋaʔ	2962	ŋ a ʔ	Na7
Khmu-Yuan	kjg	to itch/itchy	161		ŋàʔ	2962	ŋ à ʔ	Na7
Mal-T'in	mlf	to itch/itchy	161		ŋaʔ	2962	ŋ a ʔ	Na7
Bugan	bbh	to itch/itchy	161		ʦa³³	2963	ʦ a	ca
Mon	mnw	to itch/itchy	161		hnok	2958	h n o k	hnok
Nyahkur	cbn	to itch/itchy	161		cʰɔːk	2958	cʰ ɔː k	Th~ok
Kharia	khr	to itch/itchy	161		ɟalɟa	2966	ɟ a l ɟ a	CalCa
Santali	sat	to itch/itchy	161		babat˺	2965	b a b a t˺	babat
Sora	srb	to itch/itchy	161		gəta	2964	g ə t a	g3ta
Car	caq	to itch/itchy	161		kitɯɲ	2967	k i t ɯ ɲ	kitu5
Nancowri	ncb	to itch/itchy	161		piʃihʔãha	2968	p i ʃ i h ʔ ã h a	piSih7aha
Lawa(Ratanakul)	lcp	to itch/itchy	161		ʔŋaʔ	2962	ʔ ŋ a ʔ	7Na7
ManMet	mml	to itch/itchy	161		ŋăʔ⁵³	2962	ŋ ă ʔ	N7
Palaung-Dara'ang	pce	to itch/itchy	161		sadun	2969	sa dun	sadun
Palaung-Kalaw	pce	to itch/itchy	161		saɗuŋ	2969	sa ɗuŋ	saTuN
Palaung-Namhsan	pce	to itch/itchy	161		hrəv	2970	h r ə v	hr3v
Riang-Sak	ril	to itch/itchy	161		ŋɑʔ²	2962	ŋ ɑ ʔ	Na7
Wa-Praok	prk	to itch/itchy	161		ŋɛ̤ʔ	2962	ŋ ɛ̤ ʔ	NE7
Karii	pkt	to itch/itchy	161		ʔaŋaːʔ	2962	ʔ a ŋ aː ʔ	7aNa7
Vietnamese	vie	to itch/itchy	161		ngứa	2962	n g u a	nga
Bahnar-Golar	bdq	to kick	162		kədah	3009	k ə d a h	k3dah
Bahnar-Kontum	bdq	to kick	162		kədah	3009	k ə d a h	k3dah
Bahnar-Pleiku	bdq	to kick	162		kədah	3009	k ə d a h	k3dah
Cua	cua	to kick	162		kapiːl	2974	k a p iː l	kapil
Halang	hal	to kick	162		te̤h	2975	t e̤ h	teh
Jeh	jeh	to kick	162		bih	2976	b i h	bih
Jru-Laven	lbo	to kick	162		teh	2975	t e h	teh
Mnong-Rölöm	mng	to kick	162		tram	2977	t r a m	tram
Rengao	ren	to kick	162		kədah	3009	k ə d a h	k3dah
Sedang	sed	to kick	162		kətɛh	3009	k ə t ɛ h	k3tEh
Sre	kpm	to kick	162		coh	2978	c o h	Toh
Bru-Talan	oog	to kick	162		kədeːn	2979	k ə d eː n	k3den
Bru-Talan	oog	to kick	162		kəcəjh	2980	k ə c ə j h	k3T3yh
Bru-Ubon	bru	to kick	162		teːʔ	2981	t eː ʔ	te7
In	irr	to kick	162		tɛ̰ːl	2982	t ɛ̰ː l	tEl
In	irr	to kick	162		kəɟṵajh	2991	k ə ɟ ṵa j h	k3Cayh
Katang	kgd	to kick	162		kənjuɔŋ	2983	k ə n j uɔ ŋ	k3nyuoN
Katang	kgd	to kick	162		tɪːʔ	2981	t ɪː ʔ	ti7
Katang	kgd	to kick	162		hətɨːajʔ	2984	h ə t ɨːa j ʔ	h3t3ay7
Katu-AnDiem	ktv	to kick	162		ŋgrɨjh	2985	ŋ g r ɨ j h	Ngr3yh
Katu-AnDiem	ktv	to kick	162		tapluot	2986	t a p l uo t	tapluot
Kui(Sriwises1978)	kdt	to kick	162		tʰi̤ah	2988	tʰ i̤a h	th~iah
Kui(Huffman1979)	kdt	to kick	162		jan	2989	j a n	yan
Kui(Huffman1979)	kdt	to kick	162		kəte̤ah	2988	k ə t e̤a h	k3teah
Mankong	sss	to kick	162		kətɨ̤ːp	2987	k ə t ɨ̤ː p	k3t3p
Mankong	sss	to kick	162		kəcɛ̤h	2980	k ə c ɛ̤ h	k3TEh
Nge'	ngt	to kick	162		sarʌk	2989	s a r ʌ k	sarok
Pacoh	pac	to kick	162		cɔːs	2991	c ɔː s	Tos
So-Khammouane	sss	to kick	162		kujɛn	2990	k u j ɛ n	kuyEn
So-Khammouane	sss	to kick	162		təʔ	2981	t ə ʔ	t37
So-SakonNakhon	sss	to kick	162		kətʻɨ̤l	2982	k ə tʻ ɨ̤ l	k3t3l
So-SakonNakhon	sss	to kick	162		təʔ	2981	t ə ʔ	t37
Souei-Saravan	kdt	to kick	162		teːʔ	2981	t eː ʔ	te7
TaOi	tto	to kick	162		kəɟuas	2991	k ə ɟ ua s	k3Cuas
TaOi	tto	to kick	162		kəcəs	2980	k ə c ə s	k3T3s
Khasi	khi	to kick	162		knɟat	2992	k n ɟ a t	knCat
Pnar	pbv	to kick	162		knɟat	2992	k n ɟ a t	knCat
War-Lamin	aml	to kick	162		kəntjat	2992	k ə n t j a t	k3ntyat
Khmer-Surin	kxm	to kick	162		tɯat	2994	t ɯa t	tuat
Khmer-Standard	khm	to kick	162		tɔ̀ət	2994	t ɔ̀ə t	to3t
Idu	tyh	to kick	162		plɔ̰̂j	2993	p l ɔ̰̂ j	ploy
Khmu-Cuang	kjg	to kick	162		cʰop	2995	cʰ o p	Th~op
Khmu-Cuang	kjg	to kick	162		drɨn	2996	d r ɨ n	dr3n
Khmu-Cuang	kjg	to kick	162		soːk	2997	s oː k	sok
Khmu-Yuan	kjg	to kick	162		téʔ	2981	t é ʔ	te7
Khmu-Yuan	kjg	to kick	162		tóp	2987	t ó p	top
Bugan	bbh	to kick	162		pi̱¹³	2976	p i̱	pi
Mang	zng	to kick	162		ʔɔː¹tɯŋ²lɛːp⁷	2998	ʔɔː¹ tɯŋ² lɛːp⁷	7otuNlEp
Mon	mnw	to kick	162		peh	2976	p e h	peh
Nyahkur	cbn	to kick	162		kətɛ́ːʔ	2981	k ə t ɛ́ː ʔ	k3tE7
Gorum	pcj	to kick	162		turjaʔ	2999	t u r j a ʔ	turya7
Kharia	khr	to kick	162		letʰijaj	3001	l e tʰ i j a j	leth~iyay
Santali	sat	to kick	162		tʰəjə	3001	tʰ ə j ə	th~3y3
Sora	srb	to kick	162		təŋɲa	3000	t ə ŋ ɲ a	t3N5a
Car	caq	to kick	162		sut	3002	s u t	sut
Car	caq	to kick	162		ɾəːnŋə	3003	ɾ əː n ŋ ə	r3nN3
Nancowri	ncb	to kick	162		koʃuẽhata	3004	k o ʃ uẽ h a t a	koSuehata
Lawa(Ratanakul)	lcp	to kick	162		ndəih	2988	n d əi h	nd3ih
ManMet	mml	to kick	162		dit¹³	3005	d i t	dit
Palaung-Dara'ang	pce	to kick	162		bawh	3006	b a w h	bawh
Palaung-Kalaw	pce	to kick	162		ɓɔh	3006	ɓ ɔ h	poh
Palaung-Namhsan	pce	to kick	162		coh	2978	c o h	Toh
Wa-Praok	prk	to kick	162		ti̤at	3005	t i̤a t	tiat
Karii	pkt	to kick	162		kʔjɛjh	3007	k ʔ j ɛ j h	k7yEyh
Ruc	scb	to kick	162		táː	3008	t áː	ta
Vietnamese	vie	to kick	162		đáhậu	3008	đá hậu	Dahu
Alak	alk	to kill	163		kasiːt	3019	k a s iː t	kasit
Bahnar-Golar	bdq	to kill	163		pəloːc	3020	p ə l oː c	p3loT
Bahnar-Kontum	bdq	to kill	163		pəloːc	3020	p ə l oː c	p3loT
Bahnar-Pleiku	bdq	to kill	163		pəloːc	3020	p ə l oː c	p3loT
Brao	brb	to kill	163		kəceːt	3019	k ə c eː t	k3Tet
Cua	cua	to kill	163		paːkseːt	3019	paːk seːt	pakset
Halang	hal	to kill	163		pəho̤ːt	3021	p ə h o̤ː t	p3hot
Jeh	jeh	to kill	163		ɟah	3022	ɟ a h	Cah
Jru-Laven	lbo	to kill	163		kceːt	3019	k c eː t	kTet
Nyaheun	nev	to kill	163		gjeːt	3019	g j eː t	gyet
Rengao	ren	to kill	163		pəhlat	3023	p ə h l a t	p3hlat
Sedang	sed	to kill	163		kəde	3010	k ə d e	k3de
Sre	kpm	to kill	163		gəsət	3019	g ə s ə t	g3s3t
Stieng	sti	to kill	163		cʰət	3019	cʰ ə t	Th~3t
Bru-Talan	oog	to kill	163		kəɲceːt	3019	k ə ɲ c eː t	k35Tet
Bru-Ubon	bru	to kill	163		kəciːt	3019	k ə c iː t	k3Tit
In	irr	to kill	163		kənceːt	3019	k ə n c eː t	k3nTet
Katang	kgd	to kill	163		həncɪːt	3019	h ə n c ɪː t	h3nTit
Katu-AnDiem	ktv	to kill	163		kacɛt	3019	k a c ɛ t	kaTEt
Kui(Sriwises1978)	kdt	to kill	163		kəcɛːt	3019	k ə c ɛː t	k3TEt
Kui(Huffman1979)	kdt	to kill	163		pəcɛːt	3019	p ə c ɛː t	p3TEt
Mankong	sss	to kill	163		kəceːt	3019	k ə c eː t	k3Tet
Nge'	ngt	to kill	163		kanceːt	3019	k a n c eː t	kanTet
Pacoh	pac	to kill	163		kacɛːt	3019	k a c ɛː t	kaTEt
So-Khammouane	sss	to kill	163		pɛh	3011	p ɛ h	pEh
So-SakonNakhon	sss	to kill	163		pɛh	3011	p ɛ h	pEh
Souei-Saravan	kdt	to kill	163		pəceːt	3019	p ə c eː t	p3Tet
TaOi	tto	to kill	163		kəɲceːt	3019	k ə ɲ c eː t	k35Tet
Khasi	khi	to kill	163		pɨnjap	3012	p ɨ n j a p	p3nyap
Pnar	pbv	to kill	163		pɨnjap	3012	p ɨ n j a p	p3nyap
War-Lamin	aml	to kill	163		penjip	3012	p e n j i p	penyip
Khmer-Surin	kxm	to kill	163		sanlap	3013	s a n l a p	sanlap
Khmer-Standard	khm	to kill	163		sɑmlap	3013	s ɑ m l a p	samlap
Idu	tyh	to kill	163		gàbɔ̤̂ɛ	3014	g à b ɔ̤̂ɛ	gaboE
Khmu-Cuang	kjg	to kill	163		pʰaːn	3015	pʰ aː n	ph~an
Khmu-Yuan	kjg	to kill	163		pʰáːn	3015	pʰ áː n	ph~an
Mal-T'in	mlf	to kill	163		mpəl	3014	m p ə l	mp3l
Bugan	bbh	to kill	163		pʦa³¹	3019	p ʦ a	pca
Mang	zng	to kill	163		taː¹θiːt⁷	3019	t aː θ iː t	ta8it
Mon	mnw	to kill	163		hacɑt	3019	h a c ɑ t	haTat
Nyahkur	cbn	to kill	163		kəcɛ́t	3019	k ə c ɛ́ t	k3TEt
Gorum	pcj	to kill	163		kaiˀd	3019	k aiˀ d	kaid
Kharia	khr	to kill	163		goˀɟ	3019	g oˀ ɟ	goC
Santali	sat	to kill	163		goc˺	3019	g o c˺	goT
Sora	srb	to kill	163		ka̤bjed	3019	k a̤ b j e d	kabyed
Car	caq	to kill	163		kupah	3016	k u p a h	kupah
Nancowri	ncb	to kill	163		ʔoriŋafah	3016	ʔ o r i ŋ a f a h	7oriNafah
ManMet	mml	to kill	163		ɕɛm³⁵	3018	ɕ ɛ m	SEm
Palaung-Dara'ang	pce	to kill	163		ŋauh	3017	ŋ au h	Nauh
Palaung-Namhsan	pce	to kill	163		piəm	3018	p iə m	pi3m
Riang-Sak	ril	to kill	163		pjam¹	3018	p j a m	pyam
Wa-Praok	prk	to kill	163		pa̤ɯh	3016	p a̤ɯ h	pauh
Karii	pkt	to kill	163		kaceːt	3019	k a c eː t	kaTet
Ruc	scb	to kill	163		kuciːt⁷	3019	k u c iː t	kuTit
Vietnamese	vie	to kill	163		giết	3019	g i e t	git
Alak	alk	to laugh	165		caʔaːl	3075	c a ʔ aː l	Ta7al
Bahnar-Golar	bdq	to laugh	165		hjɛk	3079	h j ɛ k	hyEk
Bahnar-Pleiku	bdq	to laugh	165		hjɛk	3079	h j ɛ k	hyEk
Brao	brb	to laugh	165		cəʔaːw	3075	c ə ʔ aː w	T37aw
Cua	cua	to laugh	165		sagiːl	3075	s a g iː l	sagil
Halang	hal	to laugh	165		ʔo̤ːk	3081	ʔ o̤ː k	7ok
Jeh	jeh	to laugh	165		ʔo̤ːk	3081	ʔ o̤ː k	7ok
Jru-Laven	lbo	to laugh	165		hʔaːl	3075	h ʔ aː l	h7al
Mnong-Rölöm	mng	to laugh	165		gəːm	3080	g əː m	g3m
Nyaheun	nev	to laugh	165		ʔjaːw	3075	ʔ j aː w	7yaw
Rengao	ren	to laugh	165		dɔː	3082	d ɔː	do
Sedang	sed	to laugh	165		tɔ̰	3082	t ɔ̰	to
Sre	kpm	to laugh	165		ɲɔ	3083	ɲ ɔ	5o
Stieng	sti	to laugh	165		gəːm	3080	g əː m	g3m
Bru-Talan	oog	to laugh	165		kəcaŋʔ	3060	k ə c a ŋ ʔ	k3TaN7
Bru-Ubon	bru	to laugh	165		kərcaŋrəwiəj	3060	kərcaŋ rəwiəj	k3rTaNr3wi3y
In	irr	to laugh	165		kəcaŋˀ	3060	k ə c a ŋˀ	k3TaN
Katang	kgd	to laugh	165		kəcaŋ	3060	k ə c a ŋ	k3TaN
Katu-AnDiem	ktv	to laugh	165		kacaŋ	3060	k a c a ŋ	kaTaN
Kui(Sriwises1978)	kdt	to laugh	165		kcaŋ	3060	k c a ŋ	kTaN
Kui(Huffman1979)	kdt	to laugh	165		kəcaŋ	3060	k ə c a ŋ	k3TaN
Mankong	sss	to laugh	165		kəcaŋ	3060	k ə c a ŋ	k3TaN
Nge'	ngt	to laugh	165		kacaŋ	3060	k a c a ŋ	kaTaN
Pacoh	pac	to laugh	165		kacaŋ	3060	k a c a ŋ	kaTaN
So-Khammouane	sss	to laugh	165		cicaŋ	3060	c i c a ŋ	TiTaN
So-SakonNakhon	sss	to laugh	165		cicaŋ	3060	c i c a ŋ	TiTaN
Souei-Saravan	kdt	to laugh	165		kəcaŋ	3060	k ə c a ŋ	k3TaN
TaOi	tto	to laugh	165		kəcaŋˀ	3060	k ə c a ŋˀ	k3TaN
Khasi	khi	to laugh	165		rkʰie	3061	r kʰ ie	rkh~ie
Pnar	pbv	to laugh	165		rkʰai	3061	r kʰ ai	rkh~ai
War-Lamin	aml	to laugh	165		rʊ	3062	r ʊ	ru
Khmer-Surin	kxm	to laugh	165		sʌːc	3063	s ʌː c	soT
Khmer-Standard	khm	to laugh	165		haʔset	3064	h a ʔ s e t	ha7set
Khmer-Standard	khm	to laugh	165		saəc	3063	s aə c	sa3T
Idu	tyh	to laugh	165		kʰrîh	3065	kʰ r î h	kh~rih
Khmu-Cuang	kjg	to laugh	165		kʰras	3065	kʰ r a s	kh~ras
Khmu-Yuan	kjg	to laugh	165		kráːs	3065	k r áː s	kras
Mal-T'in	mlf	to laugh	165		hrlɛʔ	3066	h r l ɛ ʔ	hrlE7
Bugan	bbh	to laugh	165		mi̱o̱³¹	3067	m i̱o̱	mio
Mang	zng	to laugh	165		ɲua³	3068	ɲ ua	5ua
Mon	mnw	to laugh	165		kràŋ	3069	k r à ŋ	kraN
Nyahkur	cbn	to laugh	165		cəkʰrùŋ	3069	c ə kʰ r u ŋ	T3kh~ruN
Gorum	pcj	to laugh	165		liɖa	3070	l i ɖ a	lida
Kharia	khr	to laugh	165		ˈlɑɖɑ	3070	ˈl ɑ ɖ ɑ	lada
Santali	sat	to laugh	165		laṃda	3070	l a ṃ d a	lada
Sora	srb	to laugh	165		kiɟ	3071	k i ɟ	kiC
Car	caq	to laugh	165		hajiəlkuɔ	3072	h a j iə l k uɔ	hayi3lkuo
Nancowri	ncb	to laugh	165		ʔitihala	3073	ʔ i t i h a l a	7itihala
Lawa(Ratanakul)	lcp	to laugh	165		ɲɨəh	3074	ɲ ɨə h	533h
ManMet	mml	to laugh	165		ȵah⁵³	3074	ȵ a h	5ah
Palaung-Dara'ang	pce	to laugh	165		kaɲăh	3074	k a ɲ ă h	ka5h
Palaung-Kalaw	pce	to laugh	165		kaɲah	3074	k a ɲ a h	ka5ah
Palaung-Namhsan	pce	to laugh	165		jum	3076	j u m	yum
Riang-Sak	ril	to laugh	165		kᵊɲɑs²	3074	kᵊ ɲ ɑ s	k5as
Wa-Praok	prk	to laugh	165		ɲi̤ah	3074	ɲ i̤a h	5iah
Karii	pkt	to laugh	165		haɲʔ	3077	h a ɲ ʔ	ha57
Ruc	scb	to laugh	165		ʔá̰ːl	3075	ʔ á̰ː l	7al
Vietnamese	vie	to laugh	165		cưởi	3078	c u o i	Ti
Alak	alk	to rub/wipe	167		cuat	3138	c ua t	Tuat
Bahnar-Golar	bdq	to rub/wipe	167		suːt	3138	s uː t	sut
Bahnar-Kontum	bdq	to rub/wipe	167		suːt	3138	s uː t	sut
Bahnar-Pleiku	bdq	to rub/wipe	167		suːt	3138	s uː t	sut
Brao	brb	to rub/wipe	167		ɟuːt	3131	ɟ uː t	Cut
Cua	cua	to rub/wipe	167		baliː	3102	b a l iː	bali
Cua	cua	to rub/wipe	167		cuːj	3103	c uː j	Tuy
Halang	hal	to rub/wipe	167		suːt	3138	s uː t	sut
Halang	hal	to rub/wipe	167		ʔĩ̤ət	3104	ʔ ĩ̤ə t	7i3t
Jeh	jeh	to rub/wipe	167		sṳt	3138	s ṳ t	st
Jru-Laven	lbo	to rub/wipe	167		ɟuot	3131	ɟ uo t	Cuot
Jru-Laven	lbo	to rub/wipe	167		cuːt	3138	c uː t	Tut
Mnong-Rölöm	mng	to rub/wipe	167		ɟuːt	3131	ɟ uː t	Cut
Nyaheun	nev	to rub/wipe	167		ɟuot	3131	ɟ uo t	Cuot
Nyaheun	nev	to rub/wipe	167		ʔuat	3105	ʔ ua t	7uat
Rengao	ren	to rub/wipe	167		ʦṳːt	3138	ʦ ṳː t	ct
Sedang	sed	to rub/wipe	167		lulit	3106	l u l i t	lulit
Sedang	sed	to rub/wipe	167		ʔuə	3105	ʔ uə	7u3
Sre	kpm	to rub/wipe	167		ɟuːt	3131	ɟ uː t	Cut
Sre	kpm	to rub/wipe	167		tʰɔ	3107	tʰ ɔ	th~o
Stieng	sti	to rub/wipe	167		tʰɔː	3107	tʰ ɔː	th~o
Stieng	sti	to rub/wipe	167		ɟut	3131	ɟ u t	Cut
Bru-Talan	oog	to rub/wipe	167		kərcuːt	3131	k ə r c uː t	k3rTut
Bru-Talan	oog	to rub/wipe	167		puat	3108	p ua t	puat
Bru-Ubon	bru	to rub/wipe	167		cəcṳːt	3131	c ə c ṳː t	T3Tt
In	irr	to rub/wipe	167		tɔːnˀ	3109	t ɔː nˀ	ton
In	irr	to rub/wipe	167		həpoːt	3108	h ə p oː t	h3pot
Katang	kgd	to rub/wipe	167		kiːl	3110	k iː l	kil
Katu-AnDiem	ktv	to rub/wipe	167		ʄuːt	3131	ʄ uː t	Cut
Kui(Sriwises1978)	kdt	to rub/wipe	167		cʰùːt	3131	cʰ uː t	Th~ut
Kui(Sriwises1978)	kdt	to rub/wipe	167		ntìh	3111	n t ì h	ntih
Kui(Huffman1979)	kdt	to rub/wipe	167		ɲcṳːt	3131	ɲ c ṳː t	5Tt
Kui(Huffman1979)	kdt	to rub/wipe	167		kətɑːl	3112	k ə t ɑː l	k3tal
Mankong	sss	to rub/wipe	167		cɨ̤ːt	3131	c ɨ̤ː t	T3t
Mankong	sss	to rub/wipe	167		sɔːt	3138	s ɔː t	sot
Mankong	sss	to rub/wipe	167		kutɑːr	3112	k u t ɑː r	kutar
Nge'	ngt	to rub/wipe	167		cuːt	3131	c uː t	Tut
Pacoh	pac	to rub/wipe	167		ʄuat	3131	ʄ ua t	Cuat
Pacoh	pac	to rub/wipe	167		saːt	3113	s aː t	sat
So-Khammouane	sss	to rub/wipe	167		cṳːt	3131	c ṳː t	Tt
So-Khammouane	sss	to rub/wipe	167		ɲɑːŋ	3114	ɲ ɑː ŋ	5aN
So-Khammouane	sss	to rub/wipe	167		ʔabɑːt	3108	ʔ a b ɑː t	7abat
So-SakonNakhon	sss	to rub/wipe	167		cṳːt	3131	c ṳː t	Tt
So-SakonNakhon	sss	to rub/wipe	167		ʔaɲɑːŋ	3114	ʔ a ɲ ɑː ŋ	7a5aN
So-SakonNakhon	sss	to rub/wipe	167		siət	3115	s iə t	si3t
Souei-Saravan	kdt	to rub/wipe	167		ruk	3116	r u k	ruk
TaOi	tto	to rub/wipe	167		kətiar	3117	k ə t ia r	k3tiar
Khasi	khi	to rub/wipe	167		kɨrʃut	3138	k ɨ r ʃ u t	k3rSut
Pnar	pbv	to rub/wipe	167		kr̩tʃut	3138	k r̩ t ʃ u t	krtSut
War-Lamin	aml	to rub/wipe	167		kənʧʊt	3138	k ə n ʧ ʊ t	k3nCut
Khmer-Surin	kxm	to rub/wipe	167		ʨuːt	3131	ʨ uː t	Cut
Khmer-Surin	kxm	to rub/wipe	167		lʊɲ	3118	l ʊ ɲ	lu5
Khmer-Standard	khm	to rub/wipe	167		cuːt	3131	c uː t	Tut
Khmer-Standard	khm	to rub/wipe	167		doh	3119	d o h	doh
Idu	tyh	to rub/wipe	167		kíət	3120	k íə t	ki3t
Idu	tyh	to rub/wipe	167		húk	3121	h ú k	huk
Khmu-Cuang	kjg	to rub/wipe	167		huk	3121	h u k	huk
Khmu-Cuang	kjg	to rub/wipe	167		hntɔh	3122	h n t ɔ h	hntoh
Khmu-Yuan	kjg	to rub/wipe	167		kĺɲìʔ	3123	k l ɲ ì ʔ	k5i7
Khmu-Yuan	kjg	to rub/wipe	167		hntɔ́h	3122	h n t ɔ́ h	hntoh
Mal-T'in	mlf	to rub/wipe	167		kiːt	3120	k iː t	kit
Mal-T'in	mlf	to rub/wipe	167		tʰúː	3107	tʰ úː	th~u
Bugan	bbh	to rub/wipe	167		ki̱³⁵	3120	k i̱	ki
Mang	zng	to rub/wipe	167		cɔt⁸	3131	c ɔ t	Tot
Mang	zng	to rub/wipe	167		θɔːl³	3124	θ ɔː l	8ol
Mon	mnw	to rub/wipe	167		cə̀t	3131	c ə̀ t	T3t
Mon	mnw	to rub/wipe	167		taoh	3122	t ao h	taoh
Mon	mnw	to rub/wipe	167		klot	3125	k l o t	klot
Nyahkur	cbn	to rub/wipe	167		cʰìt	3131	cʰ ì t	Th~it
Nyahkur	cbn	to rub/wipe	167		tʰúː	3107	tʰ úː	th~u
Nyahkur	cbn	to rub/wipe	167		tíh	3122	t í h	tih
Nyahkur	cbn	to rub/wipe	167		tʰəlíc	3126	tʰ ə l í c	th~3liT
Gorum	pcj	to rub/wipe	167		zoˀd	3131	z oˀ d	zod
Kharia	khr	to rub/wipe	167		ɟɔˀɖ	3131	ɟ ɔˀ ɖ	Cod
Santali	sat	to rub/wipe	167		ɟot˺	3131	ɟ o t˺	Cot
Santali	sat	to rub/wipe	167		gasaw	3127	g a s a w	gasaw
Sora	srb	to rub/wipe	167		ɟoˑɖ	3131	ɟ oˑ ɖ	Cod
Car	caq	to rub/wipe	167		sic	3128	s i c	siT
Car	caq	to rub/wipe	167		kitəɲ	3129	k i t ə ɲ	kit35
Car	caq	to rub/wipe	167		cuːt	3131	c uː t	Tut
Nancowri	ncb	to rub/wipe	167		sút	3138	s ú t	sut
Nancowri	ncb	to rub/wipe	167		tathala	3130	t a t h a l a	tathala
Lawa(Ratanakul)	lcp	to rub/wipe	167		tuictɛc	3133	tuic tɛc	tuiTtET
ManMet	mml	to rub/wipe	167		pʰai³¹	3137	pʰ ai	ph~ai
ManMet	mml	to rub/wipe	167		sut⁵³	3131	s u t	sut
Palaung-Dara'ang	pce	to rub/wipe	167		sabɔ	3136	s a b ɔ	sabo
Palaung-Kalaw	pce	to rub/wipe	167		tʰaw	3132	tʰ a w	th~aw
Palaung-Kalaw	pce	to rub/wipe	167		kʰuːʔ	3134	kʰ uː ʔ	kh~u7
Palaung-Namhsan	pce	to rub/wipe	167		sut	3138	s u t	sut
Palaung-Namhsan	pce	to rub/wipe	167		puən	3108	p uə n	pu3n
Palaung-Namhsan	pce	to rub/wipe	167		klut	3125	k l u t	klut
Riang-Sak	ril	to rub/wipe	167		wɔt¹	3105	w ɔ t	wot
Wa-Praok	prk	to rub/wipe	167		ʔɔt	3105	ʔ ɔ t	7ot
Wa-Praok	prk	to rub/wipe	167		sbɯt	3135	s b ɯ t	sbut
Karii	pkt	to rub/wipe	167		còːt	3131	c òː t	Tot
Alak	alk	to see	170		tal	3274	t a l	tal
Bahnar-Golar	bdq	to see	170		ɓoh	3240	ɓ o h	poh
Bahnar-Kontum	bdq	to see	170		ɓoh	3240	ɓ o h	poh
Bahnar-Pleiku	bdq	to see	170		ɓoh	3240	ɓ o h	poh
Brao	brb	to see	170		taj	3241	t a j	tay
Cua	cua	to see	170		hlʌʔ	3242	h l ʌ ʔ	hlo7
Halang	hal	to see	170		kɛː	3243	k ɛː	kE
Halang	hal	to see	170		saw	3244	s a w	saw
Halang	hal	to see	170		ʔlaːj	3245	ʔ l aː j	7lay
Jeh	jeh	to see	170		taw	3241	t a w	taw
Jeh	jeh	to see	170		kɛj	3243	k ɛ j	kEy
Jru-Laven	lbo	to see	170		taw	3241	t a w	taw
Mnong-Rölöm	mng	to see	170		sɔː	3244	s ɔː	so
Nyaheun	nev	to see	170		təː	3241	t əː	t3
Rengao	ren	to see	170		hlɔʔ	3242	h l ɔ ʔ	hlo7
Sedang	sed	to see	170		hnaj	3246	h n a j	hnay
Sre	kpm	to see	170		gɔ	3247	g ɔ	go
Stieng	sti	to see	170		cʰaw	3244	cʰ a w	Th~aw
Bru-Talan	oog	to see	170		hɔːm	3248	h ɔː m	hom
Bru-Ubon	bru	to see	170		həːm	3248	h əː m	h3m
In	irr	to see	170		hɔːm	3248	h ɔː m	hom
Katang	kgd	to see	170		həm	3248	h ə m	h3m
Katu-AnDiem	ktv	to see	170		lʌj	3249	l ʌ j	loy
Kui(Sriwises1978)	kdt	to see	170		siːl	3250	s iː l	sil
Kui(Sriwises1978)	kdt	to see	170		mɛ̀ː	3251	m ɛ̀ː	mE
Kui(Huffman1979)	kdt	to see	170		pə̤ːʔ	3252	p ə̤ː ʔ	p37
Mankong	sss	to see	170		həːm	3248	h əː m	h3m
Nge'	ngt	to see	170		cɨk	3273	c ɨ k	T3k
Pacoh	pac	to see	170		lɤj	3249	l ɤ j	loy
So-Khammouane	sss	to see	170		həːm	3248	h əː m	h3m
So-SakonNakhon	sss	to see	170		hɨːm	3248	h ɨː m	h3m
Souei-Saravan	kdt	to see	170		pʽəːʔ	3252	pʽ əː ʔ	p37
TaOi	tto	to see	170		hɔːm	3248	h ɔː m	hom
Khasi	khi	to see	170		joʔi	3253	j o ʔ i	yo7i
Khasi	khi	to see	170		peit	3254	p ei t	peit
Pnar	pbv	to see	170		pait	3254	p ai t	pait
Pnar	pbv	to see	170		jo	3253	j o	yo
War-Lamin	aml	to see	170		maʔ	3255	m a ʔ	ma7
Khmer-Surin	kxm	to see	170		mɤː	3256	m ɤː	mo
Khmer-Standard	khm	to see	170		məːl	3256	m əː l	m3l
Idu	tyh	to see	170		múh	3257	m ú h	muh
Khmu-Cuang	kjg	to see	170		guːɲ	3258	g uː ɲ	gu5
Khmu-Yuan	kjg	to see	170		kùːɲ	3258	k uː ɲ	ku5
Mal-T'in	mlf	to see	170		məc	3259	m ə c	m3T
Bugan	bbh	to see	170		ʑə³¹	3260	ʑ ə	Z3
Mang	zng	to see	170		tɔːŋ²viːn¹	3261	tɔːŋ² viːn¹	toNvin
Mon	mnw	to see	170		pə̀	3262	p ə̀	p3
Mon	mnw	to see	170		ròŋ	3263	r ò ŋ	roN
Nyahkur	cbn	to see	170		kʰəmàj	3264	kʰ ə m à j	kh~3may
Gorum	pcj	to see	170		giˀɟ	3266	g iˀ ɟ	giC
Kharia	khr	to see	170		jɔ	3265	j ɔ	yo
Santali	sat	to see	170		ɲel	3267	ɲ e l	5el
Sora	srb	to see	170		ɡɨɟ	3266	ɡ ɨ ɟ	g3C
Car	caq	to see	170		mɯk	3268	m ɯ k	muk
Nancowri	ncb	to see	170		harra	3269	h a rr a	harra
Lawa(Ratanakul)	lcp	to see	170		joʔ	3253	j o ʔ	yo7
Palaung-Dara'ang	pce	to see	170		jǝ	3253	j ǝ	y3
Palaung-Kalaw	pce	to see	170		jaɯ	3253	j aɯ	yau
Palaung-Namhsan	pce	to see	170		jɯ	3253	j ɯ	yu
Palaung-Namhsan	pce	to see	170		men	3270	m e n	men
Riang-Sak	ril	to see	170		ʔɔl¹	3271	ʔ ɔ l	7ol
Wa-Praok	prk	to see	170		ja̤ɔʔ	3253	j a̤ɔ ʔ	yao7
Karii	pkt	to see	170		cəŋ	3272	c ə ŋ	T3N
Ruc	scb	to see	170		cɨːŋ	3272	c ɨː ŋ	T3N
Alak	alk	to sew	172		cʻiːŋ	3309	cʻ iː ŋ	TiN
Bahnar-Golar	bdq	to sew	172		sit	3310	s i t	sit
Bahnar-Kontum	bdq	to sew	172		sit	3310	s i t	sit
Bahnar-Pleiku	bdq	to sew	172		sit	3310	s i t	sit
Brao	brb	to sew	172		ɟiŋ	3309	ɟ i ŋ	CiN
Cua	cua	to sew	172		siːt	3310	s iː t	sit
Halang	hal	to sew	172		si̤ʔ	3310	s i̤ ʔ	si7
Jru-Laven	lbo	to sew	172		ɟiːɲ	3309	ɟ iː ɲ	Ci5
Mnong-Rölöm	mng	to sew	172		kəcɔh	3301	k ə c ɔ h	k3Toh
Mnong-Rölöm	mng	to sew	172		ɟɨŋ	3309	ɟ ɨ ŋ	C3N
Nyaheun	nev	to sew	172		ɟiŋ	3309	ɟ i ŋ	CiN
Rengao	ren	to sew	172		ʦi̤t	3310	ʦ i̤ t	cit
Sre	kpm	to sew	172		ɟiŋ	3309	ɟ i ŋ	CiN
Stieng	sti	to sew	172		ɟeɲ	3309	ɟ e ɲ	Ce5
Bru-Talan	oog	to sew	172		jeːh	3311	j eː h	yeh
Bru-Ubon	bru	to sew	172		jiːh	3311	j iː h	yih
In	irr	to sew	172		ɟeːh	3311	ɟ eː h	Ceh
Katang	kgd	to sew	172		jɪːh	3311	j ɪː h	yih
Katu-AnDiem	ktv	to sew	172		ʔih	3311	ʔ i h	7ih
Kui(Sriwises1978)	kdt	to sew	172		jìh	3311	j ì h	yih
Kui(Huffman1979)	kdt	to sew	172		jih	3311	j i h	yih
Mankong	sss	to sew	172		jeːh	3311	j eː h	yeh
Nge'	ngt	to sew	172		ʔiːh	3311	ʔ iː h	7ih
Pacoh	pac	to sew	172		ʔḭːh	3311	ʔ ḭː h	7h
So-Khammouane	sss	to sew	172		jih	3311	j i h	yih
So-SakonNakhon	sss	to sew	172		jih	3311	j i h	yih
Souei-Saravan	kdt	to sew	172		jiːh	3311	j iː h	yih
TaOi	tto	to sew	172		ɟeːh	3311	ɟ eː h	Ceh
Khasi	khi	to sew	172		suʔ	3312	s u ʔ	su7
Pnar	pbv	to sew	172		sor	3296	s o r	sor
War-Lamin	aml	to sew	172		sʊ	3312	s ʊ	su
Khmer-Surin	kxm	to sew	172		deːr	3297	d eː r	der
Khmer-Standard	khm	to sew	172		dej	3297	d e j	dey
Idu	tyh	to sew	172		jarîəŋ	3298	j a r îə ŋ	yari3N
Khmu-Cuang	kjg	to sew	172		lɔs	3299	l ɔ s	los
Khmu-Yuan	kjg	to sew	172		lɔ̀ːs	3299	l ɔ̀ː s	los
Mal-T'in	mlf	to sew	172		kiŋ	3309	k i ŋ	kiN
Bugan	bbh	to sew	172		pa̰³¹	3300	p a̰	pa
Mon	mnw	to sew	172		còɲ	3309	c ò ɲ	To5
Nyahkur	cbn	to sew	172		cʰìːŋ	3309	cʰ ìː ŋ	Th~iN
Gorum	pcj	to sew	172		pa̰n	3302	p a̰ n	pan
Kharia	khr	to sew	172		suʔ	3312	s u ʔ	su7
Santali	sat	to sew	172		roʔ	3303	r o ʔ	ro7
Sora	srb	to sew	172		pʌd	3302	p ʌ d	pod
Sora	srb	to sew	172		bɔɟ	3304	b ɔ ɟ	boC
Car	caq	to sew	172		coːk	3305	c oː k	Tok
Nancowri	ncb	to sew	172		iciːh	3311	i c iː h	iTih
Lawa(Ratanakul)	lcp	to sew	172		cʰiɲ	3309	cʰ i ɲ	Th~i5
ManMet	mml	to sew	172		sɔm⁵⁵	3308	s ɔ m	som
Palaung-Dara'ang	pce	to sew	172		ciɲ	3309	c i ɲ	Ti5
Palaung-Kalaw	pce	to sew	172		cin	3309	c i n	Tin
Palaung-Namhsan	pce	to sew	172		ɟiŋ	3309	ɟ i ŋ	CiN
Riang-Sak	ril	to sew	172		har¹	3306	h a r	har
Wa-Praok	prk	to sew	172		tɕa̤ɲ	3309	t ɕ a̤ ɲ	tSa5
Karii	pkt	to sew	172		kabiːt	3307	k a b iː t	kabit
Ruc	scb	to sew	172		təpaː³	3300	t ə p aː	t3pa
Vietnamese	vie	to sew	172		vá	3300	v á	va
Alak	alk	to sit	174		taʔoːj	3343	t a ʔ oː j	ta7oy
Bahnar-Golar	bdq	to sit	174		ʔwɛːj	3343	ʔ w ɛː j	7wEy
Bahnar-Kontum	bdq	to sit	174		ʔwɛːj	3343	ʔ w ɛː j	7wEy
Bahnar-Pleiku	bdq	to sit	174		ʔwɛːj	3343	ʔ w ɛː j	7wEy
Brao	brb	to sit	174		kuː	3344	k uː	ku
Cua	cua	to sit	174		ŋoːj	3326	ŋ oː j	Noy
Halang	hal	to sit	174		həʔnəːl	3321	h ə ʔ n əː l	h37n3l
Jeh	jeh	to sit	174		siʔna̤n	3321	s i ʔ n a̤ n	si7nan
Jru-Laven	lbo	to sit	174		ŋɔːk	3320	ŋ ɔː k	Nok
Mnong-Rölöm	mng	to sit	174		guːk	3322	g uː k	guk
Nyaheun	nev	to sit	174		kuo	3344	k uo	kuo
Rengao	ren	to sit	174		ʔwɛj	3343	ʔ w ɛ j	7wEy
Stieng	sti	to sit	174		goʔ	3322	g o ʔ	go7
Bru-Talan	oog	to sit	174		təkuː	3344	t ə k uː	t3ku
Bru-Ubon	bru	to sit	174		təkṳː	3344	t ə k ṳː	t3k
In	irr	to sit	174		təkuː	3344	t ə k uː	t3ku
Katang	kgd	to sit	174		təkʊː	3344	t ə k ʊː	t3ku
Katu-AnDiem	ktv	to sit	174		təːt	3323	t əː t	t3t
Kui(Sriwises1978)	kdt	to sit	174		təkaːw	3344	t ə k aː w	t3kaw
Kui(Huffman1979)	kdt	to sit	174		təkʌw	3344	t ə k ʌ w	t3kow
Mankong	sss	to sit	174		təkṳː	3344	t ə k ṳː	t3k
Nge'	ngt	to sit	174		taŋoː	3344	t a ŋ oː	taNo
Pacoh	pac	to sit	174		tikuː	3344	t i k uː	tiku
So-Khammouane	sss	to sit	174		təkuː	3344	t ə k uː	t3ku
So-SakonNakhon	sss	to sit	174		təkṳː	3344	t ə k ṳː	t3k
Souei-Saravan	kdt	to sit	174		təkuː	3344	t ə k uː	t3ku
TaOi	tto	to sit	174		təkuː	3344	t ə k uː	t3ku
Khasi	khi	to sit	174		ʃoŋ	3324	ʃ o ŋ	SoN
Pnar	pbv	to sit	174		tʃɔŋ	3324	t ʃ ɔ ŋ	tSoN
War-Lamin	aml	to sit	174		ʃkɪə	3325	ʃ k ɪə	Ski3
Khmer-Surin	kxm	to sit	174		ŋkuj	3340	ŋ k u j	Nkuy
Khmer-Standard	khm	to sit	174		ʔɑŋkuj	3340	ʔ ɑ ŋ k u j	7aNkuy
Idu	tyh	to sit	174		jíʔ	3327	j í ʔ	yi7
Khmu-Cuang	kjg	to sit	174		den	3328	d e n	den
Khmu-Yuan	kjg	to sit	174		tèn	3328	t è n	ten
Mal-T'in	mlf	to sit	174		kʰujh	3329	kʰ u j h	kh~uyh
Bugan	bbh	to sit	174		ȵa³³	3330	ȵ a	5a
Mang	zng	to sit	174		tan¹	3328	t a n	tan
Mon	mnw	to sit	174		hacòʔ	3331	h a c ò ʔ	haTo7
Nyahkur	cbn	to sit	174		tʰɔ̀ŋ	3332	tʰ ɔ̀ ŋ	th~oN
Gorum	pcj	to sit	174		koko	3344	k o k o	koko
Kharia	khr	to sit	174		ˈɖɔkɔ	3344	ˈɖ ɔ k ɔ	doko
Santali	sat	to sit	174		duɽup˺	3333	d u ɽ u p˺	durup
Sora	srb	to sit	174		ˈtɑŋkum	3334	ˈt ɑ ŋ k u m	taNkum
Sora	srb	to sit	174		ɡob	3341	ɡ o b	gob
Car	caq	to sit	174		ʔuːc	3335	ʔ uː c	7uT
Nancowri	ncb	to sit	174		ʔokə̃hare	3344	ʔ o k ə̃ h a r e	7ok3hare
Nancowri	ncb	to sit	174		kɯ̃ʔ	3344	k ɯ̃ ʔ	ku7
Lawa(Ratanakul)	lcp	to sit	174		ŋaom	3336	ŋ ao m	Naom
ManMet	mml	to sit	174		tʰɛʔ⁵³	3342	tʰ ɛ ʔ	th~E7
Palaung-Dara'ang	pce	to sit	174		tuc	3337	t u c	tuT
Palaung-Kalaw	pce	to sit	174		tuːjʔ	3337	t uː j ʔ	tuy7
Palaung-Namhsan	pce	to sit	174		mɔʔ	3338	m ɔ ʔ	mo7
Riang-Sak	ril	to sit	174		kᵊɗe¹	3339	kᵊ ɗ e	kTe
Wa-Praok	prk	to sit	174		ŋɔ̤m	3336	ŋ ɔ̤ m	Nom
Karii	pkt	to sit	174		cadòːh	3341	c a d òː h	Tadoh
Ruc	scb	to sit	174		ŋùːj	3326	ŋ uː j	Nuy
Vietnamese	vie	to sit	174		ngồi	3326	n g o i	ngi
Alak	alk	to smell (receive odor)	176		hɨːt	3387	h ɨː t	h3t
Bahnar-Pleiku	bdq	to smell (receive odor)	176		ɓəw	3388	ɓ ə w	p3w
Brao	brb	to smell (receive odor)	176		muk	3389	m u k	muk
Cua	cua	to smell (receive odor)	176		hiːp	3390	h iː p	hip
Halang	hal	to smell (receive odor)	176		suːr	3391	s uː r	sur
Jeh	jeh	to smell (receive odor)	176		hṳj	3366	h ṳ j	hy
Jru-Laven	lbo	to smell (receive odor)	176		hɨːt	3387	h ɨː t	h3t
Alak	alk	to smell (receive odor)	176		hɨːt	3387	h ɨː t	h3t
Mnong-Rölöm	mng	to smell (receive odor)	176		ɓaːw	3388	ɓ aː w	paw
Mnong-Rölöm	mng	to smell (receive odor)	176		mhəːŋ	3367	m h əː ŋ	mh3N
Nyaheun	nev	to smell (receive odor)	176		hɨːt	3387	h ɨː t	h3t
Rengao	ren	to smell (receive odor)	176		ʔməw	3388	ʔ m ə w	7m3w
Sedang	sed	to smell (receive odor)	176		sṵ	3391	s ṵ	s
Sre	kpm	to smell (receive odor)	176		rəhip	3390	r ə h i p	r3hip
Stieng	sti	to smell (receive odor)	176		heːp	3390	h eː p	hep
Bru-Talan	oog	to smell (receive odor)	176		cʰaˀar	3368	cʰ aˀa r	Th~aar
Bru-Talan	oog	to smell (receive odor)	176		hɨk	3369	h ɨ k	h3k
Bru-Ubon	bru	to smell (receive odor)	176		huːn	3376	h uː n	hun
In	irr	to smell (receive odor)	176		hək	3369	h ə k	h3k
Katang	kgd	to smell (receive odor)	176		pʰoːŋ	3370	pʰ oː ŋ	ph~oN
Katu-AnDiem	ktv	to smell (receive odor)	176		huɲ	3376	h u ɲ	hu5
Kui(Sriwises1978)	kdt	to smell (receive odor)	176		hoːɲ	3376	h oː ɲ	ho5
Kui(Huffman1979)	kdt	to smell (receive odor)	176		hoːɲ	3376	h oː ɲ	ho5
Mankong	sss	to smell (receive odor)	176		pʰɔːŋ	3370	pʰ ɔː ŋ	ph~oN
Nge'	ngt	to smell (receive odor)	176		hɨk	3369	h ɨ k	h3k
Pacoh	pac	to smell (receive odor)	176		ʔahɨk	3369	ʔ a h ɨ k	7ah3k
So-Khammouane	sss	to smell (receive odor)	176		huːɲ	3376	h uː ɲ	hu5
So-SakonNakhon	sss	to smell (receive odor)	176		huːn	3376	h uː n	hun
Souei-Saravan	kdt	to smell (receive odor)	176		huːɲ	3376	h uː ɲ	hu5
TaOi	tto	to smell (receive odor)	176		hɨk	3369	h ɨ k	h3k
Khasi	khi	to smell (receive odor)	176		sma	3371	s m a	sma
Pnar	pbv	to smell (receive odor)	176		sma	3371	s m a	sma
War-Lamin	aml	to smell (receive odor)	176		rʔɪəŋ	3372	r ʔ ɪə ŋ	r7i3N
Khmer-Surin	kxm	to smell (receive odor)	176		tʰʌːp	3373	tʰ ʌː p	th~op
Khmer-Standard	khm	to smell (receive odor)	176		hət	3387	h ə t	h3t
Idu	tyh	to smell (receive odor)	176		múk	3389	m ú k	muk
Khmu-Cuang	kjg	to smell (receive odor)	176		hmʔɨr	3374	h m ʔ ɨ r	hm73r
Khmu-Cuang	kjg	to smell (receive odor)	176		mec	3375	m e c	meT
Khmu-Yuan	kjg	to smell (receive odor)	176		mèc	3375	m è c	meT
Mal-T'in	mlf	to smell (receive odor)	176		muk	3389	m u k	muk
Bugan	bbh	to smell (receive odor)	176		ʦa̱n³³	3368	ʦ a̱ n	can
Mang	zng	to smell (receive odor)	176		θɤj¹	3377	θ ɤ j	8oy
Mon	mnw	to smell (receive odor)	176		cʰəŋ	3378	cʰ ə ŋ	Th~3N
Nyahkur	cbn	to smell (receive odor)	176		cʰóːŋ	3378	cʰ óː ŋ	Th~oN
Gorum	pcj	to smell (receive odor)	176		mumoʔ	3380	m u m o ʔ	mumo7
Kharia	khr	to smell (receive odor)	176		ɟũĩ	3381	ɟ ũĩ	Ci
Santali	sat	to smell (receive odor)	176		so	3379	s o	so
Sora	srb	to smell (receive odor)	176		ɲu	3382	ɲ u	5u
Car	caq	to smell (receive odor)	176		huːthət	3387	huːt hət	huth3t
Nancowri	ncb	to smell (receive odor)	176		həthata	3387	h ə t h a t a	h3thata
Lawa(Ratanakul)	lcp	to smell (receive odor)	176		hŋaɨt	3384	h ŋ aɨ t	hNa3t
Palaung-Dara'ang	pce	to smell (receive odor)	176		ɲ̊ɔɁ	3386	ɲ̊ ɔ Ɂ	5o7
Palaung-Kalaw	pce	to smell (receive odor)	176		ʔuh	3383	ʔ u h	7uh
Palaung-Namhsan	pce	to smell (receive odor)	176		ʔur	3383	ʔ u r	7ur
Riang-Sak	ril	to smell (receive odor)	176		kuɲ²	3385	k u ɲ	ku5
Wa-Praok	prk	to smell (receive odor)	176		ŋʰɯt	3384	ŋʰ ɯ t	Nh~ut
Karii	pkt	to smell (receive odor)	176		hoːɲ	3376	h oː ɲ	ho5
Ruc	scb	to smell (receive odor)	176		híːt	3387	h íː t	hit
Alak	alk	to spit	177		kəcɔh	3399	k ə c ɔ h	k3Toh
Bahnar-Golar	bdq	to spit	177		kəsɔh	3399	k ə s ɔ h	k3soh
Bahnar-Kontum	bdq	to spit	177		kəsɔh	3399	k ə s ɔ h	k3soh
Bahnar-Pleiku	bdq	to spit	177		kəsɔh	3399	k ə s ɔ h	k3soh
Brao	brb	to spit	177		kəjoh	3399	k ə j o h	k3yoh
Cua	cua	to spit	177		kasoh	3399	k a s o h	kasoh
Halang	hal	to spit	177		kəcuh	3399	k ə c u h	k3Tuh
Jeh	jeh	to spit	177		kəcuh	3399	k ə c u h	k3Tuh
Jru-Laven	lbo	to spit	177		kcoh	3399	k c o h	kToh
Mnong-Rölöm	mng	to spit	177		sɔh	3399	s ɔ h	soh
Mnong-Rölöm	mng	to spit	177		haːk	3400	h aː k	hak
Nyaheun	nev	to spit	177		gjoh	3399	g j o h	gyoh
Rengao	ren	to spit	177		cuh	3399	c u h	Tuh
Sedang	sed	to spit	177		kəcow	3399	k ə c o w	k3Tow
Sre	kpm	to spit	177		cʰɔh	3399	cʰ ɔ h	Th~oh
Stieng	sti	to spit	177		cʰɔh	3399	cʰ ɔ h	Th~oh
Bru-Talan	oog	to spit	177		kəcoh	3399	k ə c o h	k3Toh
Bru-Ubon	bru	to spit	177		kəcoh	3399	k ə c o h	k3Toh
In	irr	to spit	177		kəcoh	3399	k ə c o h	k3Toh
Katang	kgd	to spit	177		kəcoh	3399	k ə c o h	k3Toh
Katu-AnDiem	ktv	to spit	177		kacɔh	3399	k a c ɔ h	kaToh
Kui(Sriwises1978)	kdt	to spit	177		kəcɔh	3399	k ə c ɔ h	k3Toh
Kui(Huffman1979)	kdt	to spit	177		kəcɑh	3399	k ə c ɑ h	k3Tah
Mankong	sss	to spit	177		kucɔh	3399	k u c ɔ h	kuToh
Nge'	ngt	to spit	177		kacoh	3399	k a c o h	kaToh
Pacoh	pac	to spit	177		kucṵːh	3399	k u c ṵː h	kuTh
So-Khammouane	sss	to spit	177		kəcɔh	3399	k ə c ɔ h	k3Toh
So-SakonNakhon	sss	to spit	177		kəcɔh	3399	k ə c ɔ h	k3Toh
Souei-Saravan	kdt	to spit	177		kəcoh	3399	k ə c o h	k3Toh
TaOi	tto	to spit	177		kəcoh	3399	k ə c o h	k3Toh
Khasi	khi	to spit	177		biaʔ	3401	b ia ʔ	bia7
Pnar	pbv	to spit	177		mn̩tʰu	3398	m n̩ tʰ u	mnth~u
War-Lamin	aml	to spit	177		pətʰeʊ	3398	p ə tʰ eʊ	p3th~eu
Khmer-Surin	kxm	to spit	177		tʨiaɁ	3402	t ʨ ia Ɂ	tCia7
Khmer-Standard	khm	to spit	177		sdoh	3398	s d o h	sdoh
Idu	tyh	to spit	177		gajûː	3397	g a j u	gay
Khmu-Cuang	kjg	to spit	177		kɟuh	3399	k ɟ u h	kCuh
Khmu-Yuan	kjg	to spit	177		kcúh	3399	k c ú h	kTuh
Mal-T'in	mlf	to spit	177		coh	3399	c o h	Toh
Bugan	bbh	to spit	177		mde̱¹³	3393	m d e̱	mde
Mang	zng	to spit	177		tɯŋ¹tyː³	3398	tɯŋ¹ tyː³	tuNti
Mon	mnw	to spit	177		cʰɔh	3399	cʰ ɔ h	Th~oh
Nyahkur	cbn	to spit	177		kəcɔ́h	3399	k ə c ɔ́ h	k3Toh
Gorum	pcj	to spit	177		biʔtur	3392	b i ʔ t u r	bi7tur
Kharia	khr	to spit	177		ˈbiʔtʰuŋ	3392	ˈb i ʔ tʰ u ŋ	bi7th~uN
Santali	sat	to spit	177		tʰu	3398	tʰ u	th~u
Sora	srb	to spit	177		biɟɔl	3392	b i ɟ ɔ l	biCol
Car	caq	to spit	177		kəs	3394	k ə s	k3s
Nancowri	ncb	to spit	177		tapaʃhaɲe	3395	t a p a ʃ h a ɲ e	tapaSha5e
Lawa(Ratanakul)	lcp	to spit	177		mbiək	3392	m b iə k	mbi3k
ManMet	mml	to spit	177		pɛk⁵³	3392	p ɛ k	pEk
Palaung-Dara'ang	pce	to spit	177		păc	3392	p ă c	pT
Palaung-Kalaw	pce	to spit	177		kahaʔveːŋ	3396	ka haʔ veːŋ	kaha7veN
Palaung-Kalaw	pce	to spit	177		patveaŋ	3392	pat veaŋ	patveaN
Palaung-Namhsan	pce	to spit	177		bɛʔ	3392	b ɛ ʔ	bE7
Riang-Sak	ril	to spit	177		tᵊkcʰu¹ɲɑŋ¹	3399	tᵊkcʰu¹ ɲɑŋ¹	tkTh~u5aN
Wa-Praok	prk	to spit	177		ba̤c	3392	b a̤ c	baT
Karii	pkt	to spit	177		kʔjuːh	3397	k ʔ j uː h	k7yuh
Ruc	scb	to spit	177		kucúːh	3399	k u c úː h	kuTuh
Vietnamese	vie	to spit	177		nhổ	3397	n h o	nh
Vietnamese	vie	to spit	177		khạc	3400	k h a c	khT
Alak	alk	to stand	178		cʻacʻraw	3413	cʻ a cʻ r a w	TaTraw
Bahnar-Golar	bdq	to stand	178		ʔjuːŋ	3412	ʔ j uː ŋ	7yuN
Bahnar-Kontum	bdq	to stand	178		ʔjuːŋ	3412	ʔ j uː ŋ	7yuN
Bahnar-Pleiku	bdq	to stand	178		ʔjuːŋ	3412	ʔ j uː ŋ	7yuN
Brao	brb	to stand	178		ɟoŋ	3412	ɟ o ŋ	CoN
Cua	cua	to stand	178		dɨːk	3414	d ɨː k	d3k
Halang	hal	to stand	178		jùaŋ	3412	j u a ŋ	yuaN
Jeh	jeh	to stand	178		ɟṳaŋda̤ŋ	3412	ɟṳaŋ da̤ŋ	CaNdaN
Jru-Laven	lbo	to stand	178		ɟʌŋ	3412	ɟ ʌ ŋ	CoN
Mnong-Rölöm	mng	to stand	178		dak	3414	d a k	dak
Nyaheun	nev	to stand	178		ɟʌŋ	3412	ɟ ʌ ŋ	CoN
Sre	kpm	to stand	178		ntaːw	3415	n t aː w	ntaw
Bru-Talan	oog	to stand	178		təjəŋ	3412	t ə j ə ŋ	t3y3N
Bru-Ubon	bru	to stand	178		təjɨŋ	3412	t ə j ɨ ŋ	t3y3N
In	irr	to stand	178		təɟəŋ	3412	t ə ɟ ə ŋ	t3C3N
Katang	kgd	to stand	178		təjɨŋ	3412	t ə j ɨ ŋ	t3y3N
Katu-AnDiem	ktv	to stand	178		jɯŋ	3412	j ɯ ŋ	yuN
Kui(Sriwises1978)	kdt	to stand	178		təjəŋ	3412	t ə j ə ŋ	t3y3N
Kui(Huffman1979)	kdt	to stand	178		təjʌŋ	3412	t ə j ʌ ŋ	t3yoN
Mankong	sss	to stand	178		təjɨ̤ŋ	3412	t ə j ɨ̤ ŋ	t3y3N
Nge'	ngt	to stand	178		tajʌŋ	3412	t a j ʌ ŋ	tayoN
Pacoh	pac	to stand	178		təjɨŋ	3412	t ə j ɨ ŋ	t3y3N
So-Khammouane	sss	to stand	178		təjɨŋ	3412	t ə j ɨ ŋ	t3y3N
So-SakonNakhon	sss	to stand	178		təjɨ̤ŋ	3412	t ə j ɨ̤ ŋ	t3y3N
Souei-Saravan	kdt	to stand	178		təjɨŋ	3412	t ə j ɨ ŋ	t3y3N
TaOi	tto	to stand	178		təɟəŋ	3412	t ə ɟ ə ŋ	t3C3N
Khasi	khi	to stand	178		jɛŋ	3412	j ɛ ŋ	yEN
Pnar	pbv	to stand	178		jeɲ	3412	j e ɲ	ye5
War-Lamin	aml	to stand	178		rәŋ	3412	r ə ŋ	rN
Khmer-Surin	kxm	to stand	178		cʰuər	3416	cʰ uə r	Th~u3r
Khmer-Standard	khm	to stand	178		cʰɔː	3416	cʰ ɔː	Th~o
Idu	tyh	to stand	178		jûŋ	3412	j u ŋ	yN
Khmu-Cuang	kjg	to stand	178		dɨn	3403	d ɨ n	d3n
Khmu-Yuan	kjg	to stand	178		tɨ̀n	3403	t ɨ̀ n	t3n
Mal-T'in	mlf	to stand	178		ɲɔŋ	3409	ɲ ɔ ŋ	5oN
Bugan	bbh	to stand	178		ȵɔ̱⁵⁵	3404	ȵ ɔ̱	5o
Mang	zng	to stand	178		ta⁵⁵	3405	t a	ta
Mon	mnw	to stand	178		hətaɔ	3415	h ə t aɔ	h3tao
Nyahkur	cbn	to stand	178		pətáːw	3415	p ə t áː w	p3taw
Gorum	pcj	to stand	178		tinaŋ	3406	t i n a ŋ	tinaN
Kharia	khr	to stand	178		tɔŋˈɡɔn	3406	t ɔ ŋ ˈɡ ɔ n	toNgon
Kharia	khr	to stand	178		bɛˈrɔˀɖ	3407	b ɛ ˈr ɔˀ ɖ	bErod
Santali	sat	to stand	178		tiṃgu	3406	t i ṃ g u	tigu
Sora	srb	to stand	178		tʌnʌŋ	3406	t ʌ n ʌ ŋ	tonoN
Car	caq	to stand	178		sək	3408	s ə k	s3k
Nancowri	ncb	to stand	178		okʃiak	3408	o k ʃ ia k	okSiak
Lawa(Ratanakul)	lcp	to stand	178		cʰoŋ	3412	cʰ o ŋ	Th~oN
ManMet	mml	to stand	178		tʰɛk³³ʨɛn³¹	3411	tʰɛk³³ ʨɛn³¹	th~EkCEn
Palaung-Dara'ang	pce	to stand	178		cɔŋ	3412	c ɔ ŋ	ToN
Palaung-Kalaw	pce	to stand	178		cɔk	3412	c ɔ k	Tok
Palaung-Namhsan	pce	to stand	178		ɟaŋ	3412	ɟ a ŋ	CaN
Riang-Sak	ril	to stand	178		tjeŋ²	3412	t j e ŋ	tyeN
Wa-Praok	prk	to stand	178		tɕṳaŋ	3412	t ɕ ṳ a ŋ	tSaN
Karii	pkt	to stand	178		tɨ̀ŋʔ	3410	t ɨ̀ ŋ ʔ	t3N7
Ruc	scb	to stand	178		tɨŋ	3410	t ɨ ŋ	t3N
Vietnamese	vie	to stand	178		đứng	3410	đ u n g	Dng
Alak	alk	to urinate/urine	181		pnoːm	3469	p n oː m	pnom
Bahnar-Golar	bdq	to urinate/urine	181		ʔnoːm	3469	ʔ n oː m	7nom
Bahnar-Kontum	bdq	to urinate/urine	181		ʔnoːm	3469	ʔ n oː m	7nom
Bahnar-Pleiku	bdq	to urinate/urine	181		ʔnoːm	3469	ʔ n oː m	7nom
Brao	brb	to urinate/urine	181		noːm	3469	n oː m	nom
Cua	cua	to urinate/urine	181		kanɨm	3469	k a n ɨ m	kan3m
Halang	hal	to urinate/urine	181		so̤ːr	3479	s o̤ː r	sor
Jeh	jeh	to urinate/urine	181		kəʔnum	3469	k ə ʔ n u m	k37num
Jru-Laven	lbo	to urinate/urine	181		knoːm	3469	k n oː m	knom
Mnong-Rölöm	mng	to urinate/urine	181		noːm	3469	n oː m	nom
Nyaheun	nev	to urinate/urine	181		nnoːm	3469	nn oː m	nnom
Rengao	ren	to urinate/urine	181		nɔm	3469	n ɔ m	nom
Sedang	sed	to urinate/urine	181		nṵm	3469	n ṵ m	nm
Sre	kpm	to urinate/urine	181		nom	3469	n o m	nom
Stieng	sti	to urinate/urine	181		noːm	3469	n oː m	nom
Bru-Talan	oog	to urinate/urine	181		pɔˀɔʔprəːm	3480	pɔˀɔʔ prəːm	poo7pr3m
Bru-Ubon	bru	to urinate/urine	181		krʉa	3481	k r ʉa	kr3a
In	irr	to urinate/urine	181		pɔ̰ːʔsɔŋ	3482	pɔ̰ːʔ sɔŋ	po7soN
Katang	kgd	to urinate/urine	181		prɨəʔ	3483	p r ɨə ʔ	pr337
Katu-AnDiem	ktv	to urinate/urine	181		klɑm	3484	k l ɑ m	klam
Kui(Sriwises1978)	kdt	to urinate/urine	181		klɔːm	3484	k l ɔː m	klom
Kui(Sriwises1978)	kdt	to urinate/urine	181		noːm	3469	n oː m	nom
Kui(Huffman1979)	kdt	to urinate/urine	181		klɔːm	3484	k l ɔː m	klom
Mankong	sss	to urinate/urine	181		pʌːʔkukrua	3481	pʌːʔ kukrua	po7kukrua
Mankong	sss	to urinate/urine	181		kukrua	3481	k u k r ua	kukrua
Nge'	ngt	to urinate/urine	181		prʌːm	3480	p r ʌː m	prom
Pacoh	pac	to urinate/urine	181		klṵm	3484	k l ṵ m	klm
So-Khammouane	sss	to urinate/urine	181		cikluːm	3484	c i k l uː m	Tiklum
So-SakonNakhon	sss	to urinate/urine	181		cikluːm	3484	c i k l uː m	Tiklum
Souei-Saravan	kdt	to urinate/urine	181		kloːm	3484	k l oː m	klom
TaOi	tto	to urinate/urine	181		pɔːʔprəːm	3480	pɔːʔ prəːm	po7pr3m
Khasi	khi	to urinate/urine	181		ʔumɟuŋ	3485	ʔum ɟuŋ	7umCuN
Pnar	pbv	to urinate/urine	181		ʤuŋ	3485	ʤ u ŋ	juN
War-Lamin	aml	to urinate/urine	181		məsʊə	3470	m ə s ʊə	m3su3
Khmer-Surin	kxm	to urinate/urine	181		nʊːm	3469	n ʊː m	num
Khmer-Standard	khm	to urinate/urine	181		noum	3469	n ou m	noum
Idu	tyh	to urinate/urine	181		ʔâɛm	3469	ʔ âɛ m	7aEm
Khmu-Cuang	kjg	to urinate/urine	181		nuːm	3469	n uː m	num
Khmu-Yuan	kjg	to urinate/urine	181		nùːm	3469	n uː m	num
Mal-T'in	mlf	to urinate/urine	181		ʔoːm	3471	ʔ oː m	7om
Bugan	bbh	to urinate/urine	181		ʦhə³¹	3472	ʦ h ə	ch3
Mang	zng	to urinate/urine	181		coː¹ʔɔː¹ʑua⁶	3473	coː¹ ʔɔː¹ ʑua⁶	To7oZua
Mon	mnw	to urinate/urine	181		nɔm	3469	n ɔ m	nom
Nyahkur	cbn	to urinate/urine	181		crúh	3474	c r ú h	Truh
Gorum	pcj	to urinate/urine	181		tunɖaʔ	3475	t u n ɖ a ʔ	tunda7
Kharia	khr	to urinate/urine	181		ˈhɑɖɑ	3475	ˈh ɑ ɖ ɑ	hada
Santali	sat	to urinate/urine	181		ɟorja	3477	ɟ o r j a	Corya
Sora	srb	to urinate/urine	181		ˈɑɲum	3469	ˈɑ ɲ u m	a5um
Car	caq	to urinate/urine	181		hakən	3476	h a k ə n	hak3n
Lawa(Ratanakul)	lcp	to urinate/urine	181		naom	3469	n ao m	naom
ManMet	mml	to urinate/urine	181		num³⁵	3469	n u m	num
Palaung-Namhsan	pce	to urinate/urine	181		hnum	3469	h n u m	hnum
Riang-Sak	ril	to urinate/urine	181		nɯm²	3469	n ɯ m	num
Wa-Praok	prk	to urinate/urine	181		nɯ̤m	3469	n ɯ̤ m	num
Karii	pkt	to urinate/urine	181		teːʔ	3478	t eː ʔ	te7
Ruc	scb	to urinate/urine	181		tíː	3478	t íː	ti
Vietnamese	vie	to urinate/urine	181		đái	3478	đ ái	Dai
Bahnar-Golar	bdq	to vomit	182		hak	3493	h a k	hak
Bahnar-Kontum	bdq	to vomit	182		hak	3493	h a k	hak
Bahnar-Pleiku	bdq	to vomit	182		hak	3493	h a k	hak
Brao	brb	to vomit	182		dɨːʔ	3498	d ɨː ʔ	d37
Cua	cua	to vomit	182		haʔ	3493	h a ʔ	ha7
Halang	hal	to vomit	182		haːk	3493	h aː k	hak
Jeh	jeh	to vomit	182		haːk	3493	h aː k	hak
Jru-Laven	lbo	to vomit	182		kəhaːk	3493	k ə h aː k	k3hak
Mnong-Rölöm	mng	to vomit	182		huok	3499	h uo k	huok
Nyaheun	nev	to vomit	182		ɟrak	3500	ɟ r a k	Crak
Nyaheun	nev	to vomit	182		dɨəʔ	3498	d ɨə ʔ	d337
Rengao	ren	to vomit	182		haːk	3493	h aː k	hak
Sedang	sed	to vomit	182		heə	3493	h eə	he3
Sre	kpm	to vomit	182		haʔ	3493	h a ʔ	ha7
Stieng	sti	to vomit	182		hɔːk	3499	h ɔː k	hok
Bru-Talan	oog	to vomit	182		kləʔ	3502	k l ə ʔ	kl37
Bru-Ubon	bru	to vomit	182		kətaː	3498	k ə t aː	k3ta
In	irr	to vomit	182		kləʔ	3502	k l ə ʔ	kl37
Katang	kgd	to vomit	182		kətaː	3498	k ə t aː	k3ta
Katu-AnDiem	ktv	to vomit	182		kataː	3498	k a t aː	kata
Katu-AnDiem	ktv	to vomit	182		ɟaʔieʔ	3503	ɟ a ʔ ie ʔ	Ca7ie7
Mankong	sss	to vomit	182		kutaː	3498	k u t aː	kuta
Nge'	ngt	to vomit	182		katʌaʔ	3498	k a t ʌa ʔ	katoa7
Pacoh	pac	to vomit	182		tiʔoːʔ	3486	t i ʔ oː ʔ	ti7o7
So-Khammouane	sss	to vomit	182		kutːa	3498	k u tː a	kuta
So-SakonNakhon	sss	to vomit	182		siʔɔʔ	3486	s i ʔ ɔ ʔ	si7o7
Souei-Saravan	kdt	to vomit	182		kətaː	3498	k ə t aː	k3ta
TaOi	tto	to vomit	182		kləʔ	3502	k l ə ʔ	kl37
TaOi	tto	to vomit	182		kərtaʔ	3498	k ə r t a ʔ	k3rta7
Khasi	khi	to vomit	182		prie	3487	p r ie	prie
Pnar	pbv	to vomit	182		prai	3487	p r ai	prai
War-Lamin	aml	to vomit	182		hərɒʔ	3488	h ə r ɒ ʔ	h3ro7
Khmer-Surin	kxm	to vomit	182		kɁʊːt	3501	k Ɂ ʊː t	k7ut
Khmer-Surin	kxm	to vomit	182		ʨɁɔː	3486	ʨ Ɂ ɔː	C7o
Khmer-Standard	khm	to vomit	182		kʔuət	3501	k ʔ uə t	k7u3t
Idu	tyh	to vomit	182		sɔ̤̂ɛ	3489	s ɔ̤̂ɛ	soE
Khmu-Cuang	kjg	to vomit	182		hɨəl	3489	h ɨə l	h33l
Khmu-Yuan	kjg	to vomit	182		hɨ́al	3489	h ɨ́a l	h3al
Mal-T'in	mlf	to vomit	182		sɔːl	3489	s ɔː l	sol
Bugan	bbh	to vomit	182		a̱u̱⁵⁵	3486	a̱u̱	au
Mang	zng	to vomit	182		ʑɨə⁴	3490	ʑ ɨə	Z33
Mon	mnw	to vomit	182		haʔɔʔ	3486	h a ʔ ɔ ʔ	ha7o7
Nyahkur	cbn	to vomit	182		táːʔ	3498	t áː ʔ	ta7
Gorum	pcj	to vomit	182		bḛj	3491	b ḛ j	by
Kharia	khr	to vomit	182		bɑlɑ	3492	b ɑ l ɑ	bala
Santali	sat	to vomit	182		ulə	3494	u l ə	ul3
Sora	srb	to vomit	182		bʌɟ	3491	b ʌ ɟ	boC
Sora	srb	to vomit	182		ɲaː	3495	ɲ aː	5a
Car	caq	to vomit	182		kuwawlɛn	3496	k u w a w l ɛ n	kuwawlEn
Nancowri	ncb	to vomit	182		ʔoaw	3496	ʔ oa w	7oaw
Lawa(Ratanakul)	lcp	to vomit	182		haʔɔʔ	3486	h a ʔ ɔ ʔ	ha7o7
ManMet	mml	to vomit	182		ɕen³¹	3489	ɕ e n	Sen
Palaung-Dara'ang	pce	to vomit	182		hə	3489	h ə	h3
Palaung-Kalaw	pce	to vomit	182		haɯ	3489	h aɯ	hau
Palaung-Namhsan	pce	to vomit	182		hɯr	3489	h ɯ r	hur
Riang-Sak	ril	to vomit	182		hɔl¹	3489	h ɔ l	hol
Wa-Praok	prk	to vomit	182		haɔ	3486	h aɔ	hao
Karii	pkt	to vomit	182		baːh	3497	b aː h	bah
Ruc	scb	to vomit	182		bah¹	3497	b a h	bah
Vietnamese	vie	to vomit	182		mửa	3497	m u a	ma
Alak	alk	to walk/go	184		tʻaːŋ	3581	tʻ aː ŋ	taN
Bahnar-Golar	bdq	to walk/go	184		jaːk	3582	j aː k	yak
Bahnar-Pleiku	bdq	to walk/go	184		jaːk	3582	j aː k	yak
Brao	brb	to walk/go	184		dɑk	3583	d ɑ k	dak
Cua	cua	to walk/go	184		hɔːj	3541	h ɔː j	hoy
Cua	cua	to walk/go	184		ruaj	3542	r ua j	ruay
Halang	hal	to walk/go	184		hwɛt	3543	h w ɛ t	hwEt
Halang	hal	to walk/go	184		tuːl	3544	t uː l	tul
Jeh	jeh	to walk/go	184		cʰi̤w	3545	cʰ i̤ w	Th~iw
Jru-Laven	lbo	to walk/go	184		dək	3583	d ə k	d3k
Mnong-Rölöm	mng	to walk/go	184		loːt	3546	l oː t	lot
Nyaheun	nev	to walk/go	184		drɐk	3583	d r ɐ k	drak
Rengao	ren	to walk/go	184		bro̤ːk	3547	b r o̤ː k	brok
Sedang	sed	to walk/go	184		prok	3547	p r o k	prok
Sre	kpm	to walk/go	184		lɔt	3546	l ɔ t	lot
Stieng	sti	to walk/go	184		han	3540	h a n	han
Bru-Talan	oog	to walk/go	184		həndaˀaw	3549	h ə n d aˀa w	h3ndaaw
Bru-Ubon	bru	to walk/go	184		təjah	3548	t ə j a h	t3yah
In	irr	to walk/go	184		həda̰ːw	3549	h ə d a̰ː w	h3daw
Katang	kgd	to walk/go	184		pɨaʔ	3550	p ɨa ʔ	p3a7
Katang	kgd	to walk/go	184		təjah	3548	t ə j a h	t3yah
Katu-AnDiem	ktv	to walk/go	184		brəːʔ	3547	b r əː ʔ	br37
Katu-AnDiem	ktv	to walk/go	184		wojʔ	3551	w o j ʔ	woy7
Kui(Sriwises1978)	kdt	to walk/go	184		hṳːc	3543	h ṳː c	hT
Kui(Huffman1979)	kdt	to walk/go	184		huc	3543	h u c	huT
Mankong	sss	to walk/go	184		təjah	3548	t ə j a h	t3yah
Nge'	ngt	to walk/go	184		cakaːw	3552	c a k aː w	Takaw
Pacoh	pac	to walk/go	184		tikaːʔ	3553	t i k aː ʔ	tika7
Pacoh	pac	to walk/go	184		poːk	3550	p oː k	pok
So-Khammouane	sss	to walk/go	184		təjah	3548	t ə j a h	t3yah
So-SakonNakhon	sss	to walk/go	184		təjah	3548	t ə j a h	t3yah
Souei-Saravan	kdt	to walk/go	184		təjah	3548	t ə j a h	t3yah
TaOi	tto	to walk/go	184		həntaːw	3549	h ə n t aː w	h3ntaw
Khasi	khi	to walk/go	184		jaːc	3554	j aː c	yaT
Pnar	pbv	to walk/go	184		kap	3554	k a p	kap
War-Lamin	aml	to walk/go	184		lɪa	3555	l ɪa	lia
Khmer-Surin	kxm	to walk/go	184		dʌːr	3556	d ʌː r	dor
Khmer-Standard	khm	to walk/go	184		daə	3556	d aə	da3
Idu	tyh	to walk/go	184		jâːn	3580	j âː n	yan
Idu	tyh	to walk/go	184		lúɛʔ	3559	l úɛ ʔ	luE7
Khmu-Cuang	kjg	to walk/go	184		jɔh	3548	j ɔ h	yoh
Khmu-Yuan	kjg	to walk/go	184		jɔ̀h	3548	j ɔ̀ h	yoh
Khmu-Yuan	kjg	to walk/go	184		smrɔ̀h	3557	s m r ɔ̀ h	smroh
Mal-T'in	mlf	to walk/go	184		klɔh	3558	k l ɔ h	kloh
Bugan	bbh	to walk/go	184		ȵa̠⁵⁵	3560	ȵ a̠	5a
Mang	zng	to walk/go	184		coː¹naːŋ⁶cuaŋ⁴	3561	coː¹ naːŋ⁶ cuaŋ⁴	TonaNTuaN
Mang	zng	to walk/go	184		coː¹	3561	c oː	To
Mon	mnw	to walk/go	184		kwac	3562	k w a c	kwaT
Nyahkur	cbn	to walk/go	184		ʔár	3563	ʔ á r	7ar
Gorum	pcj	to walk/go	184		oɖiŋ	3565	o ɖ i ŋ	odiN
Gorum	pcj	to walk/go	184		poj	3566	p o j	poy
Kharia	khr	to walk/go	184		sɑnɡɔˀɖ	3567	s ɑ n ɡ ɔˀ ɖ	sangod
Santali	sat	to walk/go	184		dãɽa	3568	d ã ɽ a	dara
Sora	srb	to walk/go	184		ɲa	3569	ɲ a	5a
Sora	srb	to walk/go	184		ʔiɑː	3570	ʔ iɑː	7ia
Car	caq	to walk/go	184		linək	3571	l i n ə k	lin3k
Nancowri	ncb	to walk/go	184		ʃɔŋ	3564	ʃ ɔ ŋ	SoN
Lawa(Ratanakul)	lcp	to walk/go	184		həo	3575	h əo	h3o
ManMet	mml	to walk/go	184		tiou³¹	3576	t iou	tiou
Palaung-Dara'ang	pce	to walk/go	184		haːw	3575	h aː w	haw
Palaung-Kalaw	pce	to walk/go	184		valɛː	3574	va lɛː	valE
Palaung-Namhsan	pce	to walk/go	184		pʰət	3577	pʰ ə t	ph~3t
Riang-Sak	ril	to walk/go	184		nuar²	3578	n ua r	nuar
Wa-Praok	prk	to walk/go	184		hu	3575	h u	hu
Karii	pkt	to walk/go	184		trʔjaːŋʔ	3573	t r ʔ j aː ŋ ʔ	tr7yaN7
Ruc	scb	to walk/go	184		tiːʔasɔːŋ	3572	tiː ʔasɔːŋ	ti7asoN
Vietnamese	vie	to walk/go	184		đibộ	3579	đi bộ	Dib
Alak	alk	to weave	186		taːɲ	3605	t aː ɲ	ta5
Bahnar-Golar	bdq	to weave	186		taːɲ	3605	t aː ɲ	ta5
Bahnar-Kontum	bdq	to weave	186		taːɲ	3605	t aː ɲ	ta5
Bahnar-Pleiku	bdq	to weave	186		taːɲ	3605	t aː ɲ	ta5
Brao	brb	to weave	186		taːɲ	3605	t aː ɲ	ta5
Cua	cua	to weave	186		taːc	3605	t aː c	taT
Halang	hal	to weave	186		taːn	3605	t aː n	tan
Jeh	jeh	to weave	186		taːn	3605	t aː n	tan
Jru-Laven	lbo	to weave	186		taːɲ	3605	t aː ɲ	ta5
Mnong-Rölöm	mng	to weave	186		taːɲ	3605	t aː ɲ	ta5
Nyaheun	nev	to weave	186		taːɲ	3605	t aː ɲ	ta5
Rengao	ren	to weave	186		taːn	3605	t aː n	tan
Sedang	sed	to weave	186		tḛn	3605	t ḛ n	tn
Sre	kpm	to weave	186		taɲ	3605	t a ɲ	ta5
Stieng	sti	to weave	186		taːɲ	3605	t aː ɲ	ta5
Bru-Talan	oog	to weave	186		taˀan	3605	t aˀa n	taan
Bru-Ubon	bru	to weave	186		təntaːn	3605	t ə n t aː n	t3ntan
In	irr	to weave	186		ta̰ːn	3605	t a̰ː n	tan
Katang	kgd	to weave	186		taːn	3605	t aː n	tan
Katu-AnDiem	ktv	to weave	186		taːɲ	3605	t aː ɲ	ta5
Kui(Sriwises1978)	kdt	to weave	186		taːɲ	3605	t aː ɲ	ta5
Kui(Huffman1979)	kdt	to weave	186		taːɲ	3605	t aː ɲ	ta5
Mankong	sss	to weave	186		təntaːn	3605	t ə n t aː n	t3ntan
Nge'	ngt	to weave	186		taːɲ	3605	t aː ɲ	ta5
Pacoh	pac	to weave	186		taːɲ	3605	t aː ɲ	ta5
So-Khammouane	sss	to weave	186		taːɲ	3605	t aː ɲ	ta5
So-SakonNakhon	sss	to weave	186		citaːn	3605	c i t aː n	Titan
Souei-Saravan	kdt	to weave	186		taːɲ	3605	t aː ɲ	ta5
TaOi	tto	to weave	186		taːɲ	3605	t aː ɲ	ta5
Khasi	khi	to weave	186		tʰaːɲ	3605	tʰ aː ɲ	th~a5
Pnar	pbv	to weave	186		tʰaʲɲ	3605	tʰ aʲ ɲ	th~ay~5
War-Lamin	aml	to weave	186		tʰʊə	3605	tʰ ʊə	th~u3
Khmer-Surin	kxm	to weave	186		tbaːɲ	3605	t b aː ɲ	tba5
Khmer-Standard	khm	to weave	186		tbaːɲ	3605	t b aː ɲ	tba5
Idu	tyh	to weave	186		tɔ̰̂ːj	3606	t ɔ̰̂ː j	toy
Khmu-Cuang	kjg	to weave	186		taːɲ	3605	t aː ɲ	ta5
Khmu-Yuan	kjg	to weave	186		táːɲ	3605	t áː ɲ	ta5
Mal-T'in	mlf	to weave	186		tʰaːɲ	3605	tʰ aː ɲ	th~a5
Bugan	bbh	to weave	186		ta³¹	3605	t a	ta
Mang	zng	to weave	186		taːn⁶	3605	t aː n	tan
Mon	mnw	to weave	186		tɑc	3605	t ɑ c	taT
Nyahkur	cbn	to weave	186		táːɲ	3605	t áː ɲ	ta5
Gorum	pcj	to weave	186		taɲ	3605	t a ɲ	ta5
Kharia	khr	to weave	186		tɑɲ	3605	t ɑ ɲ	ta5
Santali	sat	to weave	186		teɲ	3605	t e ɲ	te5
Sora	srb	to weave	186		taɲ	3605	t a ɲ	ta5
Car	caq	to weave	186		saːt	3604	s aː t	sat
Nancowri	ncb	to weave	186		taɲ	3605	t a ɲ	ta5
Lawa(Ratanakul)	lcp	to weave	186		taiɲ	3605	t ai ɲ	tai5
ManMet	mml	to weave	186		tʰan⁵³	3605	tʰ a n	th~an
Palaung-Dara'ang	pce	to weave	186		ɗawʔ	3603	ɗ a w ʔ	Taw7
Palaung-Kalaw	pce	to weave	186		ɗawʔ	3603	ɗ a w ʔ	Taw7
Palaung-Namhsan	pce	to weave	186		teŋ	3605	t e ŋ	teN
Riang-Sak	ril	to weave	186		tɑɲ¹	3605	t ɑ ɲ	ta5
Wa-Praok	prk	to weave	186		taɲ	3605	t a ɲ	ta5
Karii	pkt	to weave	186		taːɲ	3605	t aː ɲ	ta5
Ruc	scb	to weave	186		taːɲ	3605	t aː ɲ	ta5
Vietnamese	vie	to weave	186		đan	3605	đ a n	Dan
Alak	alk	tongue	187		mpeːt	3609	m p eː t	mpet
Bahnar-Golar	bdq	tongue	187		rəpjɛt	3609	r ə p j ɛ t	r3pyEt
Bahnar-Kontum	bdq	tongue	187		rəpjɛt	3609	r ə p j ɛ t	r3pyEt
Bahnar-Pleiku	bdq	tongue	187		rəpjɛt	3609	r ə p j ɛ t	r3pyEt
Brao	brb	tongue	187		mpiat	3609	m p ia t	mpiat
Cua	cua	tongue	187		rapiat	3609	r a p ia t	rapiat
Halang	hal	tongue	187		rəpiət	3609	r ə p iə t	r3pi3t
Jeh	jeh	tongue	187		rəpiat	3609	r ə p ia t	r3piat
Jru-Laven	lbo	tongue	187		piat	3609	p ia t	piat
Mnong-Rölöm	mng	tongue	187		piet	3609	p ie t	piet
Nyaheun	nev	tongue	187		piat	3609	p ia t	piat
Rengao	ren	tongue	187		rəpɛt	3609	r ə p ɛ t	r3pEt
Sedang	sed	tongue	187		rəpiɩ	3609	r ə p i ɿ	r3pi
Sre	kpm	tongue	187		ləmpiat	3609	l ə m p ia t	l3mpiat
Stieng	sti	tongue	187		lpiet	3609	l p ie t	lpiet
Bru-Talan	oog	tongue	187		ntaˀaʔ	3607	n t aˀa ʔ	ntaa7
Bru-Ubon	bru	tongue	187		le̤as	3608	l e̤a s	leas
In	irr	tongue	187		nta̰ːʔ	3607	n t a̰ː ʔ	nta7
Katang	kgd	tongue	187		lɨːajh	3608	l ɨːa j h	l3ayh
Katu-AnDiem	ktv	tongue	187		ntaːk	3607	n t aː k	ntak
Kui(Sriwises1978)	kdt	tongue	187		ntaːʔ	3607	n t aː ʔ	nta7
Kui(Huffman1979)	kdt	tongue	187		ntaˀa	3607	n t aˀa	ntaa
Mankong	sss	tongue	187		li̤ajh	3608	l i̤a j h	liayh
Nge'	ngt	tongue	187		ntaːk	3607	n t aː k	ntak
Pacoh	pac	tongue	187		ʔəntaːʔ	3607	ʔ ə n t aː ʔ	73nta7
So-Khammouane	sss	tongue	187		le̤ajh	3608	l e̤a j h	leayh
So-SakonNakhon	sss	tongue	187		lea̤jh	3608	l ea̤ j h	leayh
Souei-Saravan	kdt	tongue	187		kətaːʔ	3607	k ə t aː ʔ	k3ta7
TaOi	tto	tongue	187		ntaːʔ	3607	n t aː ʔ	nta7
Khasi	khi	tongue	187		tʰɨlleːc	3609	tʰ ɨ ll eː c	th~3lleT
Pnar	pbv	tongue	187		tʰɨlleʲʔ	3609	tʰ ɨ ll eʲ ʔ	th~3lley~7
War-Lamin	aml	tongue	187		kʰlit	3609	kʰ l i t	kh~lit
Khmer-Surin	kxm	tongue	187		naːt	3610	n aː t	nat
Khmer-Standard	khm	tongue	187		ʔɑndaət	3610	ʔ ɑ n d aə t	7anda3t
Idu	tyh	tongue	187		hàntâ̤ː	3607	h à n t â̤ː	hanta
Khmu-Cuang	kjg	tongue	187		hntaːk	3607	h n t aː k	hntak
Khmu-Yuan	kjg	tongue	187		hntáːk	3607	h n t áː k	hntak
Mal-T'in	mlf	tongue	187		ntʰaːk	3607	n tʰ aː k	nth~ak
Bugan	bbh	tongue	187		pəlai³³	3608	pə lai³³	p3lai
Mang	zng	tongue	187		ŋ²taːk⁸	3607	ŋ² taːk⁸	Ntak
Mon	mnw	tongue	187		katəc	3607	k a t ə c	kat3T
Nyahkur	cbn	tongue	187		ntáːk	3607	n t áː k	ntak
Gorum	pcj	tongue	187		la̰ŋ	3611	l a̰ ŋ	laN
Kharia	khr	tongue	187		lɑŋ	3611	l ɑ ŋ	laN
Santali	sat	tongue	187		alaŋ	3611	a l a ŋ	alaN
Sora	srb	tongue	187		lʔaŋ	3611	l ʔ a ŋ	l7aN
Car	caq	tongue	187		litaːk	3607	l i t aː k	litak
Nancowri	ncb	tongue	187		kaliták	3607	k a l i t á k	kalitak
Lawa(Ratanakul)	lcp	tongue	187		ndak	3607	n d a k	ndak
ManMet	mml	tongue	187		tʰak³³	3607	tʰ a k	th~ak
Palaung-Dara'ang	pce	tongue	187		sadăɁ	3607	s a d ă Ɂ	sad7
Palaung-Kalaw	pce	tongue	187		saɗaʔ	3607	sa ɗaʔ	saTa7
Palaung-Namhsan	pce	tongue	187		kərta	3607	k ə r t a	k3rta
Riang-Sak	ril	tongue	187		tak¹	3607	t a k	tak
Wa-Praok	prk	tongue	187		dak	3607	d a k	dak
Karii	pkt	tongue	187		laːjh	3608	l aː j h	layh
Ruc	scb	tongue	187		lə̀arʰ²	3608	l ə̀a rʰ	l3arh~
Vietnamese	vie	tongue	187		lưỡi	3608	l u õ i	li
Alak	alk	tree	189		təːmʔlɔːŋ	3632	təːm ʔlɔːŋ	t3m7loN
Bahnar-Golar	bdq	tree	189		ʔlɔːŋ	3632	ʔ l ɔː ŋ	7loN
Bahnar-Kontum	bdq	tree	189		ʔlɔːŋ	3632	ʔ l ɔː ŋ	7loN
Bahnar-Pleiku	bdq	tree	189		ʔlɔːŋ	3632	ʔ l ɔː ŋ	7loN
Brao	brb	tree	189		təːmlɔːŋ	3632	təːm lɔːŋ	t3mloN
Cua	cua	tree	189		ʔol	3633	ʔ o l	7ol
Halang	hal	tree	189		ʔlɔaŋ	3632	ʔ l ɔa ŋ	7loaN
Jeh	jeh	tree	189		ʔlɔːŋ	3632	ʔ l ɔː ŋ	7loN
Jru-Laven	lbo	tree	189		tʌːmʔlɔːŋ	3632	tʌːm ʔlɔːŋ	tom7loN
Nyaheun	nev	tree	189		tɐːmʔlɔːŋ	3632	tɐːm ʔlɔːŋ	tam7loN
Rengao	ren	tree	189		lɔŋ	3632	l ɔ ŋ	loN
Sedang	sed	tree	189		lɔ̰əŋ	3632	l ɔ̰ə ŋ	lo3N
Bru-Talan	oog	tree	189		tənɔːmlɔˀɔŋ	3632	tənɔːm lɔˀɔŋ	t3nomlooN
Bru-Ubon	bru	tree	189		ka̤lʔaːluaŋ	3632	ka̤l ʔaːluaŋ	kal7aluaN
In	irr	tree	189		təkoːlɔ̰ːŋ	3632	təkoː lɔ̰ːŋ	t3koloN
Katang	kgd	tree	189		kɨalʔaluːaŋ	3632	kɨal ʔaluːaŋ	k3al7aluaN
Katu-AnDiem	ktv	tree	189		nlɑːŋ	3632	n l ɑː ŋ	nlaN
Kui(Sriwises1978)	kdt	tree	189		kàl	3634	k à l	kal
Kui(Huffman1979)	kdt	tree	189		ka̤lʔalo̤aŋ	3632	k a̤ l ʔ a l o̤a ŋ	kal7aloaN
Mankong	sss	tree	189		kalʔalṳaŋ	3632	kal ʔalṳaŋ	kal7alaN
Nge'	ngt	tree	189		ndɔːŋ	3632	n d ɔː ŋ	ndoN
Pacoh	pac	tree	189		ʔalɔːŋ	3632	ʔ a l ɔː ŋ	7aloN
So-Khammouane	sss	tree	189		tənʌːmʔaloa̤ŋ	3632	tənʌːm ʔaloa̤ŋ	t3nom7aloaN
So-SakonNakhon	sss	tree	189		tənəːmʔaloa̤ŋ	3632	tənəːm ʔaloa̤ŋ	t3n3m7aloaN
Souei-Saravan	kdt	tree	189		kʽallɔːŋ	3632	kʽal lɔːŋ	kalloN
TaOi	tto	tree	189		lɔːŋ	3632	l ɔː ŋ	loN
Khasi	khi	tree	189		dieŋ	3635	d ie ŋ	dieN
Pnar	pbv	tree	189		deɲ	3635	d e ɲ	de5
War-Lamin	aml	tree	189		tvɪa	3636	t v ɪa	tvia
Khmer-Surin	kxm	tree	189		dʌːmcʰəː	3625	dʌːm cʰəː	domTh~3
Khmer-Standard	khm	tree	189		daəmcʰəː	3625	daəm cʰəː	da3mTh~3
Idu	tyh	tree	189		lâmnaʔô̰ːŋ	3632	lâm naʔô̰ːŋ	lamna7oN
Khmu-Cuang	kjg	tree	189		sʔɔːŋ	3632	s ʔ ɔː ŋ	s7oN
Khmu-Yuan	kjg	tree	189		sʔɔ́ːŋ	3632	s ʔ ɔ́ː ŋ	s7oN
Bugan	bbh	tree	189		saɯ³¹	3625	s aɯ	sau
Mang	zng	tree	189		hɔː⁶	3625	h ɔː	ho
Mon	mnw	tree	189		cʰuʔ	3625	cʰ u ʔ	Th~u7
Nyahkur	cbn	tree	189		cʰuːʔ	3625	cʰ uː ʔ	Th~u7
Gorum	pcj	tree	189		araʔ	3626	a r a ʔ	ara7
Kharia	khr	tree	189		daru	3627	d a r u	daru
Santali	sat	tree	189		dare	3627	d a r e	dare
Sora	srb	tree	189		ʌra	3626	ʌ r a	ora
Car	caq	tree	189		coːn	3628	c oː n	Ton
Nancowri	ncb	tree	189		cia	3629	c ia	Tia
Lawa(Ratanakul)	lcp	tree	189		kʰoʔ	3625	kʰ o ʔ	kh~o7
ManMet	mml	tree	189		kɔ³⁵seʔ⁵³	3630	kɔ³⁵ seʔ⁵³	kose7
Palaung-Dara'ang	pce	tree	189		he	3630	h e	he
Palaung-Kalaw	pce	tree	189		həj	3630	h ə j	h3y
Palaung-Namhsan	pce	tree	189		he	3630	h e	he
Riang-Sak	ril	tree	189		pɛn¹	3631	p ɛ n	pEn
Wa-Praok	prk	tree	189		kʰaɔʔ	3625	kʰ aɔ ʔ	kh~ao7
Wa-Praok	prk	tree	189		kʰi	3630	kʰ i	kh~i
Ruc	scb	tree	189		kəj²	3634	k ə j	k3y
Vietnamese	vie	tree	189		cây	3634	c â y	Tai
Alak	alk	two	190		pʻaːr	3637	pʻ aː r	par
Bahnar-Golar	bdq	two	190		ɓaːr	3637	ɓ aː r	par
Bahnar-Kontum	bdq	two	190		ɓaːr	3637	ɓ aː r	par
Bahnar-Pleiku	bdq	two	190		ɓaːr	3637	ɓ aː r	par
Brao	brb	two	190		baːr	3637	b aː r	bar
Cua	cua	two	190		baːl	3637	b aː l	bal
Halang	hal	two	190		baːr	3637	b aː r	bar
Jeh	jeh	two	190		baːl	3637	b aː l	bal
Jru-Laven	lbo	two	190		bəːr	3637	b əː r	b3r
Mnong-Rölöm	mng	two	190		baːr	3637	b aː r	bar
Nyaheun	nev	two	190		baːn	3637	b aː n	ban
Rengao	ren	two	190		baːr	3637	b aː r	bar
Sedang	sed	two	190		pɛ̰ə	3637	p ɛ̰ə	pE3
Sre	kpm	two	190		bar	3637	b a r	bar
Stieng	sti	two	190		baːr	3637	b aː r	bar
Bru-Talan	oog	two	190		baˀar	3637	b aˀa r	baar
Bru-Ubon	bru	two	190		baːr	3637	b aː r	bar
In	irr	two	190		ba̰ːr	3637	b a̰ː r	bar
Katang	kgd	two	190		baːr	3637	b aː r	bar
Katu-AnDiem	ktv	two	190		ɓəːr	3637	ɓ əː r	p3r
Kui(Sriwises1978)	kdt	two	190		bia	3637	b ia	bia
Kui(Huffman1979)	kdt	two	190		bea	3637	b ea	bea
Mankong	sss	two	190		baːr	3637	b aː r	bar
Nge'	ngt	two	190		baːr	3637	b aː r	bar
Pacoh	pac	two	190		baːr	3637	b aː r	bar
So-Khammouane	sss	two	190		baːr	3637	b aː r	bar
So-SakonNakhon	sss	two	190		ba:r	3637	b a: r	bar
Souei-Saravan	kdt	two	190		baːl	3637	b aː l	bal
TaOi	tto	two	190		baːr	3637	b aː r	bar
Khasi	khi	two	190		ʔaːr	3638	ʔ aː r	7ar
War-Lamin	aml	two	190		ʔʊ̃ə	3638	ʔ ʊ̃ə	7u3
Khmer-Surin	kxm	two	190		piːr	3637	p iː r	pir
Khmer-Standard	khm	two	190		piː	3637	p iː	pi
Idu	tyh	two	190		hambâː̱r	3637	h a m b âː̱ r	hambar
Khmu-Cuang	kjg	two	190		baːr	3637	b aː r	bar
Khmu-Yuan	kjg	two	190		pàːr	3637	p àː r	par
Mal-T'in	mlf	two	190		píaɰ	3637	p ía ɰ	piaw
Bugan	bbh	two	190		bi³¹	3637	b i	bi
Mang	zng	two	190		ʑɨəj⁴	3639	ʑ ɨə j	Z33y
Mon	mnw	two	190		ba	3637	b a	ba
Nyahkur	cbn	two	190		báːr	3637	b áː r	bar
Gorum	pcj	two	190		bag	3637	b a g	bag
Kharia	khr	two	190		uˈbɑr	3637	u ˈb ɑ r	ubar
Santali	sat	two	190		bar	3637	b a r	bar
Sora	srb	two	190		baɡu	3637	b a ɡ u	bagu
Sora	srb	two	190		bar	3637	b a r	bar
Car	caq	two	190		ʔanɛːt	3640	ʔ a n ɛː t	7anEt
Nancowri	ncb	two	190		ʔãː	3640	ʔ ãː	7a
Lawa(Ratanakul)	lcp	two	190		ləʔa	3638	l ə ʔ a	l37a
ManMet	mml	two	190		au³¹	3638	au	au
Palaung-Dara'ang	pce	two	190		Ɂa	3638	Ɂ a	7a
Palaung-Kalaw	pce	two	190		ʔaːɓok	3638	ʔaː ɓok	7apok
Palaung-Namhsan	pce	two	190		ʔar	3638	ʔ a r	7ar
Riang-Sak	ril	two	190		kᵊʔɑr¹	3638	kᵊ ʔ ɑ r	k7ar
Wa-Praok	prk	two	190		ra	3638	r a	ra
Karii	pkt	two	190		haːr	3641	h aː r	har
Ruc	scb	two	190		haːl¹	3641	h aː l	hal
Vietnamese	vie	two	190		hai	3641	h ai	hai
Alak	alk	village	191		kakaj	3642	k a k a j	kakay
Jru-Laven	lbo	village	191		pnam	3652	p n a m	pnam
Mnong-Rölöm	mng	village	191		ʔuon	3660	ʔ uo n	7uon
Sre	kpm	village	191		ɓɔn	3661	ɓ ɔ n	pon
Stieng	sti	village	191		bʔɔːn	3661	b ʔ ɔː n	b7on
Bru-Talan	oog	village	191		weːl	3662	w eː l	wel
Bru-Ubon	bru	village	191		wiːl	3662	w iː l	wil
In	irr	village	191		weːl	3662	w eː l	wel
Katang	kgd	village	191		wiːl	3662	w iː l	wil
Katu-AnDiem	ktv	village	191		kanɑːn	3658	k a n ɑː n	kanan
Mankong	sss	village	191		wi̤ːl	3662	w i̤ː l	wil
Nge'	ngt	village	191		wiːl	3662	w iː l	wil
Pacoh	pac	village	191		vḭːl	3662	v ḭː l	vl
So-Khammouane	sss	village	191		wi̤ːl	3662	w i̤ː l	wil
So-SakonNakhon	sss	village	191		huʔ	3663	h u ʔ	hu7
TaOi	tto	village	191		weːl	3662	w eː l	wel
Khasi	khi	village	191		ʃnoŋ	3664	ʃ n o ŋ	SnoN
Pnar	pbv	village	191		nɔŋkɨ̯n̩dɔŋ	3664	n ɔ ŋ k ɨ̯ n̩ d ɔ ŋ	noNk3ndoN
War-Lamin	aml	village	191		ʧnɒŋ	3664	ʧ n ɒ ŋ	CnoN
Khmer-Surin	kxm	village	191		srɔɁ	3643	s r ɔ Ɂ	sro7
Khmer-Standard	khm	village	191		pʰuːm	3644	pʰ uː m	ph~um
Idu	tyh	village	191		blûŋ	3645	b l u ŋ	blN
Khmu-Cuang	kjg	village	191		kuŋ	3646	k u ŋ	kuN
Khmu-Yuan	kjg	village	191		kúŋ	3646	k ú ŋ	kuN
Mal-T'in	mlf	village	191		nteʔ	3647	n t e ʔ	nte7
Bugan	bbh	village	191		ŋqu³³	3648	ŋ q u	Nqu
Mang	zng	village	191		myː²	3649	m yː	mi
Mon	mnw	village	191		kwan	3650	k w a n	kwan
Nyahkur	cbn	village	191		dóːŋ	3651	d óː ŋ	doN
Gorum	pcj	village	191		ɖauʔ	3653	ɖ au ʔ	dau7
Kharia	khr	village	191		poʔda	3653	p o ʔ d a	po7da
Santali	sat	village	191		ətu	3653	ə t u	3tu
Sora	srb	village	191		ɡɔrɟaŋ	3654	ɡ ɔ r ɟ a ŋ	gorCaN
Car	caq	village	191		panam	3652	p a n a m	panam
Nancowri	ncb	village	191		mattaj	3655	m a tt a j	mattay
Lawa(Ratanakul)	lcp	village	191		ʔjuəŋ	3656	ʔ j uə ŋ	7yu3N
ManMet	mml	village	191		him³⁵	3657	h i m	him
Palaung-Dara'ang	pce	village	191		rɔ	3658	r ɔ	ro
Palaung-Kalaw	pce	village	191		rɔː	3658	r ɔː	ro
Palaung-Namhsan	pce	village	191		kuŋ	3646	k u ŋ	kuN
Riang-Sak	ril	village	191		pruʔ²	3659	p r u ʔ	pru7
Wa-Praok	prk	village	191		jaɔŋ	3656	j aɔ ŋ	yaoN
Ruc	scb	village	191		kəveːl¹	3662	k ə v eː l	k3vel
Alak	alk	woman	196		ʔaroh	3744	ʔ a r o h	7aroh
Bahnar-Golar	bdq	woman	196		draʔkan	3745	d r a ʔ k a n	dra7kan
Bahnar-Kontum	bdq	woman	196		draʔkan	3745	d r a ʔ k a n	dra7kan
Bahnar-Pleiku	bdq	woman	196		ʔakan	3745	ʔ a k a n	7akan
Bahnar-Pleiku	bdq	woman	196		draʔkan	3745	d r a ʔ k a n	dra7kan
Brao	brb	woman	196		kətriː	3746	k ə t r iː	k3tri
Cua	cua	woman	196		kadriː	3746	k a d r iː	kadri
Halang	hal	woman	196		dədraj	3746	d ə d r a j	d3dray
Halang	hal	woman	196		məndraj	3746	m ə n d r a j	m3ndray
Jeh	jeh	woman	196		dri̤ːdri̤ː	3746	dri̤ː dri̤ː	dridri
Jru-Laven	lbo	woman	196		trie	3746	t r ie	trie
Mnong-Rölöm	mng	woman	196		druh	3722	d r u h	druh
Nyaheun	nev	woman	196		ʔmɛːtrie	3746	ʔmɛː trie	7mEtrie
Rengao	ren	woman	196		kədri̤ː	3746	k ə d r i̤ː	k3dri
Sedang	sed	woman	196		kədraj	3746	k ə d r a j	k3dray
Sre	kpm	woman	196		ʔuːr	3747	ʔ uː r	7ur
Stieng	sti	woman	196		dəʔuːr	3747	d ə ʔ uː r	d37ur
Bru-Talan	oog	woman	196		kan	3745	k a n	kan
Bru-Ubon	bru	woman	196		mənseːm	3723	m ə n s eː m	m3nsem
Bru-Ubon	bru	woman	196		kəmuːr	3724	k ə m uː r	k3mur
Bru-Ubon	bru	woman	196		ʔaːkan	3745	ʔ aː k a n	7akan
In	irr	woman	196		kṵjkan	3745	kṵj kan	kykan
Katang	kgd	woman	196		kan	3745	k a n	kan
Katang	kgd	woman	196		kəmʊːr	3724	k ə m ʊː r	k3mur
Katu-AnDiem	ktv	woman	196		paɗiːl	3725	p a ɗ iː l	paTil
Kui(Sriwises1978)	kdt	woman	196		mɔːr	3724	m ɔː r	mor
Kui(Huffman1979)	kdt	woman	196		kuəjkəpaj	3726	kuəj kəpaj	ku3yk3pay
Mankong	sss	woman	196		kumoːr	3724	k u m oː r	kumor
Mankong	sss	woman	196		kan	3745	k a n	kan
Nge'	ngt	woman	196		kan	3745	k a n	kan
Pacoh	pac	woman	196		kan	3745	k a n	kan
So-Khammouane	sss	woman	196		kəmuːr	3724	k ə m uː r	k3mur
So-SakonNakhon	sss	woman	196		rəpaj	3726	r ə p a j	r3pay
Souei-Saravan	kdt	woman	196		kəmoːl	3724	k ə m oː l	k3mol
Souei-Saravan	kdt	woman	196		kan	3745	k a n	kan
TaOi	tto	woman	196		kan	3745	k a n	kan
Khasi	khi	woman	196		kntʰej	3727	k n tʰ e j	knth~ey
Pnar	pbv	woman	196		kɨntʰaj	3727	k ɨ n tʰ a j	k3nth~ay
War-Lamin	aml	woman	196		həntʰa	3727	h ə n tʰ a	h3nth~a
Khmer-Surin	kxm	woman	196		srɛj	3746	s r ɛ j	srEy
Khmer-Standard	khm	woman	196		srəj	3746	s r ə j	sr3y
Idu	tyh	woman	196		kûːnkwɛ̤̂ː	3728	kûːn kwɛ̤̂ː	knkwE
Khmu-Cuang	kjg	woman	196		cmkɨn	3745	c m k ɨ n	Tmk3n
Khmu-Yuan	kjg	woman	196		cm̀kɨ́n	3745	c m̀ k ɨ́ n	Tmk3n
Mal-T'in	mlf	woman	196		ʔijah	3729	ʔ i j a h	7iyah
Bugan	bbh	woman	196		pə⁵⁵mou³³	3730	p ə m ou	p3mou
Mang	zng	woman	196		mɔː⁶taː¹cɨə³	3730	mɔː⁶ taː¹cɨə³	motaT33
Mon	mnw	woman	196		makì	3731	m a k ì	maki
Mon	mnw	woman	196		nìhprɛ̤a	3732	nìh prɛ̤a	nihprEa
Nyahkur	cbn	woman	196		pʰràw	3732	pʰ r à w	ph~raw
Gorum	pcj	woman	196		kuj	3734	k u j	kuy
Gorum	pcj	woman	196		kaɖaman	3733	k a ɖ a m a n	kadaman
Kharia	khr	woman	196		kɔnsɛlˈɖuʔ	3736	k ɔ n s ɛ l ˈɖ u ʔ	konsEldu7
Kharia	khr	woman	196		ɖaj	3735	ɖ a j	day
Kharia	khr	woman	196		buɽhi	3737	b u ɽ h i	burhi
Santali	sat	woman	196		pəʈhi	3737	p ə ʈ h i	p3thi
Sora	srb	woman	196		ʌnsʌlɔ	3738	ʌ n s ʌ l ɔ	onsolo
Car	caq	woman	196		kikaːnə	3745	k i k aː n ə	kikan3
Nancowri	ncb	woman	196		ʔenkana	3745	ʔ e n k a n a	7enkana
Nancowri	ncb	woman	196		kan	3745	k a n	kan
Lawa(Ratanakul)	lcp	woman	196		ləpəɨn	3740	l ə p əɨ n	l3p33n
ManMet	mml	woman	196		kʰɔn³¹pʰɤn⁵⁵	3740	kʰɔn³¹ pʰɤn⁵⁵	kh~onph~on
Palaung-Dara'ang	pce	woman	196		ʔibən	3740	ʔi bən	7ib3n
Palaung-Kalaw	pce	woman	196		heɓen	3740	he ɓen	hepen
Palaung-Namhsan	pce	woman	196		ipən	3740	i p ə n	ip3n
Riang-Sak	ril	woman	196		ʔiʔ¹kᵊnɲaʔ²	3739	ʔiʔ¹ kᵊnɲaʔ²	7i7kn5a7
Wa-Praok	prk	woman	196		bon	3740	b o n	bon
Karii	pkt	woman	196		dikeːʔ	3741	d i k eː ʔ	dike7
Ruc	scb	woman	196		pəkí	3742	p ə k í	p3ki
Vietnamese	vie	woman	196		đànbà	3743	đàn bà	Danba
Alak	alk	year	197		canam	3748	c a n a m	Tanam
Bahnar-Golar	bdq	year	197		hənam	3748	h ə n a m	h3nam
Bahnar-Kontum	bdq	year	197		hanam	3748	h a n a m	hanam
Bahnar-Pleiku	bdq	year	197		sənam	3748	s ə n a m	s3nam
Cua	cua	year	197		sanɨm	3748	s a n ɨ m	san3m
Halang	hal	year	197		hənam	3748	h ə n a m	h3nam
Jeh	jeh	year	197		hnam	3748	h n a m	hnam
Mnong-Rölöm	mng	year	197		nam	3748	n a m	nam
Rengao	ren	year	197		hənam	3748	h ə n a m	h3nam
Sedang	sed	year	197		həna̰m	3748	h ə n a̰ m	h3nam
Sre	kpm	year	197		sənam	3748	s ə n a m	s3nam
Stieng	sti	year	197		sənam	3748	s ə n a m	s3nam
Bru-Talan	oog	year	197		kəmɔˀɔ	3751	k ə m ɔˀɔ	k3moo
Bru-Ubon	bru	year	197		kəmɔ̤ː	3751	k ə m ɔ̤ː	k3mo
In	irr	year	197		kəmɔ̰ː	3751	k ə m ɔ̰ː	k3mo
Katang	kgd	year	197		kəmɔː	3751	k ə m ɔː	k3mo
Katu-AnDiem	ktv	year	197		kamɑː	3751	k a m ɑː	kama
Kui(Sriwises1978)	kdt	year	197		tmɑː	3751	t m ɑː	tma
Kui(Huffman1979)	kdt	year	197		kəmɑː	3751	k ə m ɑː	k3ma
Mankong	sss	year	197		kumɑː	3751	k u m ɑː	kuma
Nge'	ngt	year	197		kəmɔː	3751	k ə m ɔː	k3mo
Pacoh	pac	year	197		kumɔː	3751	k u m ɔː	kumo
So-Khammouane	sss	year	197		kəmɑː	3751	k ə m ɑː	k3ma
So-SakonNakhon	sss	year	197		kumɑː	3751	k u m ɑː	kuma
Souei-Saravan	kdt	year	197		kəmɔː	3751	k ə m ɔː	k3mo
TaOi	tto	year	197		kəmɔː	3751	k ə m ɔː	k3mo
Khasi	khi	year	197		snem	3748	s n e m	snem
Pnar	pbv	year	197		snɛm	3748	s n ɛ m	snEm
War-Lamin	aml	year	197		snem	3748	s n e m	snem
Khmer-Surin	kxm	year	197		ʨhnam	3748	ʨ h n a m	Chnam
Khmer-Standard	khm	year	197		cnam	3748	c n a m	Tnam
Idu	tyh	year	197		lṵ̂ɑŋ	3752	l ṵ̂ɑ ŋ	laN
Khmu-Cuang	kjg	year	197		nɨm	3748	n ɨ m	n3m
Khmu-Yuan	kjg	year	197		nɨ̀m	3748	n ɨ̀ m	n3m
Mal-T'in	mlf	year	197		waːŋ	3752	w aː ŋ	waN
Bugan	bbh	year	197		nam⁵⁵	3748	n a m	nam
Mang	zng	year	197		nɔː¹	3753	n ɔː	no
Mon	mnw	year	197		hnam	3748	h n a m	hnam
Nyahkur	cbn	year	197		hnáːm	3748	h n áː m	hnam
Gorum	pcj	year	197		anum	3748	a n u m	anum
Kharia	khr	year	197		mɛmɔn	3755	m ɛ m ɔ n	mEmon
Kharia	khr	year	197		boris	3754	b o r i s	boris
Santali	sat	year	197		bochor	3754	b o c h o r	boThor
Sora	srb	year	197		ʌnɨm	3748	ʌ n ɨ m	on3m
Car	caq	year	197		samjɯhə	3749	s a m j ɯ h ə	samyuh3
Lawa(Ratanakul)	lcp	year	197		nəom	3748	n əo m	n3om
ManMet	mml	year	197		nɤm¹³	3748	n ɤ m	nom
Palaung-Dara'ang	pce	year	197		sanə̆m	3748	s a n ə̆ m	san3m
Palaung-Kalaw	pce	year	197		sanam	3748	sa nam	sanam
Palaung-Namhsan	pce	year	197		sənəm	3748	s ə n ə m	s3n3m
Riang-Sak	ril	year	197		wiːt²	3750	w iː t	wit
Wa-Praok	prk	year	197		nṳm	3748	n ṳ m	nm
Karii	pkt	year	197		cnam	3748	c n a m	Tnam
Ruc	scb	year	197		nam¹	3748	n a m	nam
Vietnamese	vie	year	197		năm	3748	n ă m	nm
Alak	alk	yellow	198		raːk	3768	r aː k	rak
Bahnar-Pleiku	bdq	yellow	198		drɛːŋ	3770	d r ɛː ŋ	drEN
Brao	brb	yellow	198		rəmeːt	3771	r ə m eː t	r3met
Cua	cua	yellow	198		dreːk	3770	d r eː k	drek
Halang	hal	yellow	198		driːŋ	3770	d r iː ŋ	driN
Jeh	jeh	yellow	198		driŋ	3770	d r i ŋ	driN
Jru-Laven	lbo	yellow	198		hmeːt	3771	h m eː t	hmet
Nyaheun	nev	yellow	198		hmeːt	3771	h m eː t	hmet
Rengao	ren	yellow	198		driːŋ	3770	d r iː ŋ	driN
Sedang	sed	yellow	198		trḭŋ	3770	t r ḭ ŋ	trN
Sre	kpm	yellow	198		dum	3772	d u m	dum
Stieng	sti	yellow	198		eːr	3773	eː r	er
Bru-Talan	oog	yellow	198		raˀaʔ	3768	r aˀa ʔ	raa7
Katang	kgd	yellow	198		rərɨːaʔ	3768	r ə r ɨːa ʔ	r3r3a7
Katu-AnDiem	ktv	yellow	198		ʔarʌːkriːʔ	3768	ʔarʌːk riːʔ	7arokri7
Mankong	sss	yellow	198		rəri̤aʔ	3768	r ə r i̤a ʔ	r3ria7
Nge'	ngt	yellow	198		raːk	3768	r aː k	rak
Pacoh	pac	yellow	198		raːʔ	3768	r aː ʔ	ra7
Khasi	khi	yellow	198		stem	3756	s t e m	stem
Khmer-Surin	kxm	yellow	198		lɤːŋ	3757	l ɤː ŋ	loN
Khmer-Standard	khm	yellow	198		lɨəŋ	3757	l ɨə ŋ	l33N
Idu	tyh	yellow	198		gacâ̰ːj	3759	ga câ̰ːj	gaTay
Khmu-Cuang	kjg	yellow	198		cŋaːr	3758	c ŋ aː r	TNar
Khmu-Yuan	kjg	yellow	198		cŋáːr	3758	c ŋ áː r	TNar
Bugan	bbh	yellow	198		ŋga³¹	3766	ŋ g a	Nga
Mang	zng	yellow	198		paː¹ɲaːj²	3761	p aː ɲ aː j	pa5ay
Mon	mnw	yellow	198		sacmic	3762	sac mic	saTmiT
Nyahkur	cbn	yellow	198		pǝcúːɲ	3760	p ǝ c úː ɲ	p3Tu5
Gorum	pcj	yellow	198		saŋ	3763	s a ŋ	saN
Kharia	khr	yellow	198		ˈsɔŋsɔŋ	3763	ˈs ɔ ŋ s ɔ ŋ	soNsoN
Santali	sat	yellow	198		sasaŋ	3763	s a s a ŋ	sasaN
Sora	srb	yellow	198		sɑnˈsɑːŋ	3763	s ɑ n ˈs ɑː ŋ	sansaN
Car	caq	yellow	198		kiŋuəŋ	3764	k i ŋ uə ŋ	kiNu3N
Car	caq	yellow	198		təmanuːluʔɛlmat	3765	t ə m a n uː l u ʔ ɛ l m a t	t3manulu7Elmat
Nancowri	ncb	yellow	198		ŋaŋamat	3766	ŋ a ŋ a m a t	NaNamat
Lawa(Ratanakul)	lcp	yellow	198		səŋəi	3758	s ə ŋ əi	s3N3i
Palaung-Dara'ang	pce	yellow	198		deɲ	3767	d e ɲ	de5
Palaung-Kalaw	pce	yellow	198		ɗeːŋ	3767	ɗ eː ŋ	TeN
Palaung-Namhsan	pce	yellow	198		tʰeŋ	3767	tʰ e ŋ	th~eN
Riang-Sak	ril	yellow	198		rᵊmiːt²	3771	rᵊ m iː t	rmit
Wa-Praok	prk	yellow	198		sŋi̤	3758	s ŋ i̤	sNi
Karii	pkt	yellow	198		ŋɛːrʔ	3758	ŋ ɛː r ʔ	NEr7
Ruc	scb	yellow	198		vàːŋ	3769	v àː ŋ	vaN
Vietnamese	vie	yellow	198		vàng	3769	v à n g	vang
Alak	alk	you (sing.)	200		maj	3790	m a j	may
Bahnar-Golar	bdq	you (sing.)	200		ʔɛː	3802	ʔ ɛː	7E
Bahnar-Kontum	bdq	you (sing.)	200		ʔɛː	3802	ʔ ɛː	7E
Bahnar-Pleiku	bdq	you (sing.)	200		ʔɛː	3802	ʔ ɛː	7E
Brao	brb	you (sing.)	200		cʰaj	3803	cʰ a j	Th~ay
Cua	cua	you (sing.)	200		maːjʔiə	3790	maːj ʔiə	may7i3
Halang	hal	you (sing.)	200		miː	3790	m iː	mi
Jeh	jeh	you (sing.)	200		miː	3790	m iː	mi
Jru-Laven	lbo	you (sing.)	200		saw	3803	s a w	saw
Mnong-Rölöm	mng	you (sing.)	200		mɛː	3790	m ɛː	mE
Nyaheun	nev	you (sing.)	200		sa	3803	s a	sa
Rengao	ren	you (sing.)	200		nuʔ	3791	n u ʔ	nu7
Rengao	ren	you (sing.)	200		ʔi̤h	3792	ʔ i̤ h	7ih
Sedang	sed	you (sing.)	200		ʔɛh	3792	ʔ ɛ h	7Eh
Sre	kpm	you (sing.)	200		mi	3790	m i	mi
Stieng	sti	you (sing.)	200		ʔaj	3802	ʔ a j	7ay
Bru-Talan	oog	you (sing.)	200		maj	3790	m a j	may
Bru-Ubon	bru	you (sing.)	200		mɤj	3790	m ɤ j	moy
In	irr	you (sing.)	200		ma̰j	3790	m a̰ j	may
Katang	kgd	you (sing.)	200		maj	3790	m a j	may
Katu-AnDiem	ktv	you (sing.)	200		ʔamaj	3790	ʔ a m a j	7amay
Kui(Sriwises1978)	kdt	you (sing.)	200		màj	3790	m à j	may
Kui(Huffman1979)	kdt	you (sing.)	200		maj	3790	m a j	may
Mankong	sss	you (sing.)	200		mə̤j	3790	m ə̤ j	m3y
Nge'	ngt	you (sing.)	200		maj	3790	m a j	may
Pacoh	pac	you (sing.)	200		maj	3790	m a j	may
So-Khammouane	sss	you (sing.)	200		ma̤j	3790	m a̤ j	may
So-SakonNakhon	sss	you (sing.)	200		ma̤j	3790	m a̤ j	may
Souei-Saravan	kdt	you (sing.)	200		maj	3790	m a j	may
TaOi	tto	you (sing.)	200		maj	3790	m a j	may
Khasi	khi	you (sing.)	200		maj	3790	m a j	may
Pnar	pbv	you (sing.)	200		mɛ	3790	m ɛ	mE
Pnar	pbv	you (sing.)	200		pʰi	3804	pʰ i	ph~i
War-Lamin	aml	you (sing.)	200		he	3793	h e	he
War-Lamin	aml	you (sing.)	200		me	3790	m e	me
Khmer-Surin	kxm	you (sing.)	200		Ɂɛːɲ	3794	Ɂ ɛː ɲ	700000
Khmer-Standard	khm	you (sing.)	200		ʔaeŋ	3794	ʔ ae ŋ	7aeN
Idu	tyh	you (sing.)	200		hàmbḭ̂ː	3795	h à m b ḭ̂ː	hamb
Khmu-Cuang	kjg	you (sing.)	200		meː	3790	m eː	me
Khmu-Yuan	kjg	you (sing.)	200		mèː	3790	m èː	me
Mal-T'in	mlf	you (sing.)	200		mih	3798	m i h	mih
Bugan	bbh	you (sing.)	200		mɛ	3790	m ɛ	mE
Mang	zng	you (sing.)	200		mɯ³¹	3790	m ɯ	mu
Mon	mnw	you (sing.)	200		pèh	3796	p è h	peh
Nyahkur	cbn	you (sing.)	200		pʰèh	3796	pʰ è h	ph~eh
Gorum	pcj	you (sing.)	200		maŋ	3797	m a ŋ	maN
Kharia	khr	you (sing.)	200		amdu	3799	am du	amdu
Santali	sat	you (sing.)	200		am	3799	a m	am
Sora	srb	you (sing.)	200		amʌn	3799	a m ʌ n	amon
Car	caq	you (sing.)	200		man	3800	m a n	man
Car	caq	you (sing.)	200		mɛh	3798	m ɛ h	mEh
Nancowri	ncb	you (sing.)	200		me	3790	m e	me
Lawa(Ratanakul)	lcp	you (sing.)	200		paʔ	3804	p a ʔ	pa7
ManMet	mml	you (sing.)	200		meʔ⁵³	3790	m e ʔ	me7
Palaung-Dara'ang	pce	you (sing.)	200		mε	3790	m ε	m
Palaung-Kalaw	pce	you (sing.)	200		mɛː	3790	m ɛː	mE
Riang-Sak	ril	you (sing.)	200		miʔ²	3790	m i ʔ	mi7
Wa-Praok	prk	you (sing.)	200		maiʔ	3790	m ai ʔ	mai7
Karii	pkt	you (sing.)	200		cak	3801	c a k	Tak
Karii	pkt	you (sing.)	200		miː	3790	m iː	mi
Ruc	scb	you (sing.)	200		mi¹	3790	m i	mi
Vietnamese	vie	you (sing.)	200		mày	3790	m à y	mai
