DOCULECT	iso_code	CONCEPT	concepticon_id	IPA	TOKENS	asjp	dolgo	sca	cog_id	COGID
Shixing	shix1238	cloud		ći⁵⁵_rã³³	tsʲ i r ã ∼	ira	T V R V N	T I R A 9	cloud:223	223
Quueyu	quey1238	cloud		ćtie⁵⁵	tsʲ t i e	tie	T T V V	T T I E	cloud:1335	1335
Dhimal	dhim1246	cloud		badel__<_NPL	b a d e l	badel	P V T V R	P A T E L	cloud:7	7
Apatari	apat1240	cloud		ʒómɨ	ʒ o m ɨ	Zom3	S V M V	S U M I	cloud:322	322
Jirel	jire1238	cloud		muk_L¹pa_T¹	m u k p a	mukpa	M V K P V	M Y K P A	cloud:322	322
Old Chinese	oldc1244	cloud		u̯hən	w h ə n	uh3n	W H V N	W H E N	cloud:489	489
Idu	idum1241	cloud		a¹_mu¹	a m u	amu	V M V	A M Y	cloud:260	260
Lhota	loth1237	cloud		eloːk	e l oː k	elok	V R V K	E L U K	cloud:903	903
Lushai	lush1249	cloud		chhuːm	tʃʰ uː m	Thhum	T V M	T Y M	cloud:1335	1335
Lepcha	lepc1244	cloud		byoŋ	b y o ŋ	bioN	P V V N	P Y U N	cloud:540	540
Sgaw	sgaw1245	cloud		t̯a³³_ʔə̃ʔ⁵³	ʈ a ʔ ə̃ ∼ ʔ	ta737	T V H V N H	T A H E 9 H	cloud:489	489
Rourou	nusu1239	cloud		ćiæ̃⁵⁵	tʃ i æ̃	iE	T V V	T I E	cloud:206	206
Dulong	drun1238	cloud		rɨ³¹_mɨ̆t⁵⁵	r ɨ m ɨ t	r3m3t	R V M V T	R I M I T	cloud:371	371
Tangkul	tang1336	cloud		muiya	m u i y a	muiia	M V V V V	M Y I Y A	cloud:169	169
Pa'O	paok1235	cloud		mouʔ⁵⁵_ʔe⁴⁴	m o u ʔ ʔ e	mou77e	M V V H H V	M U Y H H E	cloud:489	489
Kulung	kulu1253	cloud		mɔm	m ɔ m	mom	M V M	M U M	cloud:322	322
Geker	geko1235	cloud		đɨʔ⁵³_ʔu⁵³	ð ɨ ʔ ʔ u	D377u	T V H H V	D I H H Y	cloud:489	489
Ersu	ersu1241	cloud		cɛ⁵⁵	ts ɛ	TE	K V	C E	cloud:223	223
Ao-Mongsen	mong1332	cloud		cuŋmiluŋ	ts u ŋ m i l u ŋ	TuNmiluN	K V N M V R V N	C Y N M I L Y N	cloud:417	417
Sherpa	sher1255	cloud		mukpɛHF	m u k p ɛ	mukpE	M V K P V	M Y K P E	cloud:322	322
Rawang	rawa1265	cloud		rəmit	r ə m i t	r3mit	R V M V T	R E M I T	cloud:371	371
Bokar	bori1243	cloud		daŋ_muk	d a ŋ m u k	daNmuk	T V N M V K	T A N M Y K	cloud:322	322
Hmar	hmar1241	cloud		suːm	s uː m	sum	S V M	S Y M	cloud:1335	1335
Nusu	nusu1239	cloud		c̣huẽ³¹_mɔ⁵	tʂʰ u ẽ ∼ m ɔ	Thuemo	T V V N M V	T Y E 9 M U	cloud:206	206
Geba	geba1237	cloud		t̯ɛ²²_ṭo²²_b̄	ʈ ɛ ʈ o b̄	tEob	T V T V P	T E T U P	cloud:1255	1255
Manu	manu1255	cloud		pu²²_u³³_lụ	p u u l ṵ	puul	P V V R V	P Y Y L Y	cloud:489	489
Alike Tibetan	amdo1237	cloud		wćən	w tsʲ ə n	w3n	W T V N	W T E N	cloud:1422	1422
Shixing	shix1238	cloud		ći⁵⁵_rã³³	tsʲ i r ã ∼	ira	T V R V N	T I R A 9	cloud:1422	1422
Ninglang-Naxi	naxi1245	cloud		ći³¹	tsʲ i	i	T V	T I	cloud:192	192
Khaling	khal1275	cloud		kömH	k ö m	km	K V M	K U M	cloud:516	516
W. Kayah	west2409	cloud		ɔ⁵⁵_lɨə̣⁴⁴	ɔ l ɨ ə̰	ol33	V R V V	U L I E	cloud:489	489
Written Tibetan	tibe1272	cloud		sprin	s p r i n	sprin	S P R V N	S P R I N	cloud:1422	1422
Batang Tibetan	kham1282	cloud		ći⁵⁵	tsʲ i	i	T V	T I	cloud:1422	1422
Gurung	guru1261	cloud		nxãːm³ʒyo	n x ãː m ʒ y o	nxamZio	N K V M S V V	N G A M S Y U	cloud:223	223
Lhasa Tibetan	tibe1272	cloud		ćĩ⁵⁵_pə⁵⁵	tsʲ ĩ ∼ p ə	ip3	T V N P V	T I 9 P E	cloud:1422	1422
Garo	garo1247	cloud		aram	a r a m	aram	V R V M	A R A M	cloud:1457	1457
Hill-Miri	nyis1236	cloud		dumuk	d u m u k	dumuk	T V M V K	T Y M Y K	cloud:322	322
Limbu	limb1266	cloud		khaːpmiː	kʰ aː p m iː	khapmi	K V P M V	K A P M I	cloud:516	516
Hakka	hakk1236	cloud		iun²	i u n	iun	V V N	I Y N	cloud:489	489
Motuo-M	dakp1242	cloud		muk_pa	m u k p a	mukpa	M V K P V	M Y K P A	cloud:322	322
Tujia	nort2732	cloud		mɨe³_la¹_ɣoŋ	m ɨ e l a ɣ o ŋ	m3elaxoN	M V V R V K V N	M I E L A G U N	cloud:1422	1422
Beijing	mand1415	cloud		yún	y u n	iun	V V N	Y Y N	cloud:489	489
Zhaba	zhab1238	cloud		mu̲t⁵⁵_mau⁵⁵	m u t m a u	mutmau	M V T M V V	M Y T M A Y	cloud:371	371
Kaike	kaik1246	cloud		nɔmle	n ɔ m l e	nomle	N V M R V	N U M L E	cloud:901	901
Yintale	yint1235	cloud		kan³³_ʔuŋ⁵⁵	k a n ʔ u ŋ	kan7uN	K V N H V N	K A N H Y N	cloud:489	489
Jinuo	youl1235	cloud		m⁴²_tɛ⁴⁴	m t ɛ	mtE	M T V	M T E	cloud:1335	1335
Serdukpen	sher1257	cloud		sinti	s i n t i	sinti	S V N T V	S I N T I	cloud:1188	1188
Namuzi	namu1246	cloud		c̣u³³	tʂ u	Tu	T V	T Y	cloud:223	223
Xiaxe Tibetan	amdo1237	cloud		śən	sʲ ə n	3n	S V N	S E N	cloud:1422	1422
Lüsu	lisu1250	cloud		će⁵⁵	tsʲ e	e	T V	T E	cloud:223	223
Liangmai	lian1251	cloud		kamwaŋ	k a m w a ŋ	kamwaN	K V M W V N	K A M W A N	cloud:349	349
Dimasa	dima1251	cloud		ʒimi	ʒ i m i	Zimi	S V M V	S I M I	cloud:169	169
Yeinbaw	yinb1236	cloud		cə¹¹_ʔvo⁴⁴	ts ə ʔ v o	T37vo	K V H W V	C E H B U	cloud:489	489
N-Qiang	nort2722	cloud		zdəm	z d ə m	zd3m	S T V M	S T E M	cloud:1335	1335
Lijiang-Naxi	lich1241	cloud		ći³¹	tsʲ i	i	T V	T I	cloud:192	192
Zeme	zeme1240	cloud		kemau	k e m a u	kemau	K V M V V	K E M A Y	cloud:349	349
Jingpo	kach1280	cloud		sə³³_mui³³	s ə m u i	s3mui	S V M V V	S E M Y I	cloud:169	169
Bodo	bodo1269	cloud		zəməʔj	z ə m ə ʔ j	z3m37y	S V M V H J	S E M E H J	cloud:169	169
Fuzhou	mind1253	cloud		xuŋ⁵²_chai³¹	x u ŋ tsʰ a i	xuNThai	K V N K V V	G Y N C A I	cloud:489	489
Burmese	nucl1310	cloud		tim	t i m	tim	T V M	T I M	cloud:1335	1335
Horpa	horp1239	cloud		zdo	z d o	zdo	S T V	S T U	cloud:1335	1335
Ao-Chungli	chon1286	cloud		mepet	m e p e t	mepet	M V P V T	M E P E T	cloud:831	831
Padam	pada1257	cloud		do-muk	d o m u k	domuk	T V M V K	T U M Y K	cloud:322	322
Bola	pela1242	cloud		tʃa̲m⁵⁵	tʃ a̰ m	tSam	T V M	T A M	cloud:206	206
Guiqiong	guiq1238	cloud		ẓɔ̃³⁵_kuɛ̃³⁵	ʐ ɔ̃ k u ɛ̃ ∼	okuE	S V K V V N	S U K Y E 9	cloud:1335	1335
Quueyu	quey1238	know		xa⁵⁵_kuə¹³	x a k u ə	xaku3	K V K V V	G A K Y E	know:699	699
Dhimal	dhim1246	know		gi	g i	gi	K V	K I	know:1116	1116
Apatari	apat1240	know		cì	ts i	Ti	K V	C I	know:639	639
Jirel	jire1238	know		čha_T¹_še_L¹	tʃ h a ʃ e	ChaSe	T H V S V	T H A S E	know:297	297
Old Chinese	oldc1244	know		te_	t e	te	T V	T E	know:1454	1454
Idu	idum1241	know		ka³_sa⁴	k a s a	kasa	K V S V	K A S A	know:297	297
Lhota	loth1237	know		nci	n ts i	nTi	N K V	N C I	know:158	158
Lushai	lush1249	know		hria	h r i a	hria	H R V V	H R I A	know:1454	1454
Lepcha	lepc1244	know		thyak	tʰ y a k	thiak	T V V K	T Y A K	know:1509	1509
Sgaw	sgaw1245	know		ṭeʔ⁵³_ńa⁴⁴	ʈ e ʔ nʲ a	e7na	T V H N V	T E H N A	know:297	297
Rourou	nusu1239	know		ńiæ³⁵	nʲ i æ	niE	N V V	N I E	know:277	277
Dulong	drun1238	know		sɔ⁵⁵	s ɔ	so	S V	S U	know:297	297
Tangkul	tang1336	know		thei	tʰ e i	thei	T V V	T E I	know:158	158
Pa'O	paok1235	know		se²²	s e	se	S V	S E	know:297	297
Kulung	kulu1253	know		chet-	tsʰ e t	Thet	K V T	C E T	know:762	762
Geker	geko1235	know		ṭʌiʔ⁵³_laʔ⁵³	ʈ ʌ i ʔ l a ʔ	oi7la7	T V V H R V H	T E I H L A H	know:297	297
Ersu	ersu1241	know		ha³³_sɛ⁵⁵	h a s ɛ	hasE	H V S V	H A S E	know:297	297
Ao-Mongsen	mong1332	know		metet	m e t e t	metet	M V T V T	M E T E T	know:1517	1517
Sherpa	sher1255	know		še_LF	ʃ e	Se	S V	S E	know:297	297
Rawang	rawa1265	know		ša	ʃ a	Sa	S V	S A	know:297	297
Bokar	bori1243	know		ćen	tsʲ e n	en	T V N	T E N	know:639	639
Hmar	hmar1241	know		hrie	h r i e	hrie	H R V V	H R I E	know:1454	1454
Nusu	nusu1239	know		su⁴²	s u	su	S V	S Y	know:297	297
Geba	geba1237	know		ṭɛʔ⁵³_hɛ⁴⁴	ʈ ɛ ʔ h ɛ	E7hE	T V H H V	T E H H E	know:297	297
Manu	manu1255	know		se³³_kə¹¹_nạ	s e k ə n a̰	sek3n	S V K V N V	S E K E N A	know:297	297
Alike Tibetan	amdo1237	know		xhi	x h i	xhi	K H V	G H I	know:297	297
Shixing	shix1238	know		sɛ⁵³	s ɛ	sE	S V	S E	know:297	297
Ninglang-Naxi	naxi1245	know		sɨ³³	s ɨ	s3	S V	S I	know:297	297
Khaling	khal1275	know		cuH	ts u	Tu	K V	C Y	know:340	340
W. Kayah	west2409	know		ćɛ⁵⁵_ńe³³	tsʲ ɛ nʲ e	Ene	T V N V	T E N E	know:297	297
Written Tibetan	tibe1272	know		ćes	tsʲ e s	es	T V S	T E S	know:297	297
Batang Tibetan	kham1282	know		xhe⁵⁵	x h e	xhe	K H V	G H E	know:297	297
Gurung	guru1261	know		se²	s e	se	S V	S E	know:297	297
Lhasa Tibetan	tibe1272	know		ćẽ⁵²	tsʲ ẽ ∼	e	T V N	T E 9	know:297	297
Garo	garo1247	know		uia	u i a	uia	V V V	Y I A	know:1095	1095
Hill-Miri	nyis1236	know		cin	ts i n	Tin	K V N	C I N	know:639	639
Limbu	limb1266	know		lɛːmaʔ	l ɛː m a ʔ	lEma7	R V M V H	L E M A H	know:470	470
Hakka	hakk1236	know		di¹	d i	di	T V	T I	know:1454	1454
Motuo-M	dakp1242	know		se	s e	se	S V	S E	know:297	297
Tujia	nort2732	know		xa¹_zi⁴	x a z i	xazi	K V S V	G A S I	know:297	297
Beijing	mand1415	know		zhīdao	z h iː d a o	zhidao	S H V T V V	S H I T A U	know:1454	1454
Zhaba	zhab1238	know		se⁵⁵	s e	se	S V	S E	know:297	297
Kaike	kaik1246	know		hako	h a k o	hako	H V K V	H A K U	know:573	573
Yintale	yint1235	know		ʃi⁵⁵_na¹¹	ʃ i n a	Sina	S V N V	S I N A	know:297	297
Jinuo	youl1235	know		sə⁴⁴	s ə	s3	S V	S E	know:297	297
Serdukpen	sher1257	know		dan	d a n	dan	T V N	T A N	know:1517	1517
Namuzi	namu1246	know		sɨ³⁵	s ɨ	s3	S V	S I	know:297	297
Xiaxe Tibetan	amdo1237	know		ćhi	tsʲʰ i	hi	T V	T I	know:297	297
Lüsu	lisu1250	know		hũ³³_sɨ⁵³	h ũ ∼ s ɨ	hs3	H V N S V	H Y 9 S I	know:297	297
Liangmai	lian1251	know		ši	ʃ i	Si	S V	S I	know:297	297
Dimasa	dima1251	know		mithi	m i tʰ i	mithi	M V T V	M I T I	know:158	158
Yeinbaw	yinb1236	know		θe⁴⁴	θ e	8e	T V	D E	know:297	297
N-Qiang	nort2722	know		sə	s ə	s3	S V	S E	know:297	297
Lijiang-Naxi	lich1241	know		sɨ³³	s ɨ	s3	S V	S I	know:297	297
Zeme	zeme1240	know		chi	tsʰ i	Thi	K V	C I	know:158	158
Burmese	nucl1310	know		si	s i	si	S V	S I	know:297	297
Horpa	horp1239	know		ha_goŋ	h a g o ŋ	hagoN	H V K V N	H A K U N	know:573	573
Ao-Chungli	chon1286	know		metet	m e t e t	metet	M V T V T	M E T E T	know:1517	1517
Padam	pada1257	know		ken	k e n	ken	K V N	K E N	know:639	639
Bola	pela1242	know		sɛ³⁵	s ɛ	sE	S V	S E	know:297	297
Guiqiong	guiq1238	know		ma⁵⁵_sɨ⁵⁵	m a s ɨ	mas3	M V S V	M A S I	know:297	297
Lepcha	lepc1244	know		yă	y a	i	V V	Y A	know:265	265
Ao-Mongsen	mong1332	know		ši	ʃ i	Si	S V	S I	know:297	297
Ao-Chungli	chon1286	know		šitet	ʃ i t e t	Sitet	S V T V T	S I T E T	know:297	297
Guiqiong	guiq1238	know		ma⁵⁵_sɨ⁵⁵	m a s ɨ	mas3	M V S V	M A S I	know:758	758
Quueyu	quey1238	many		qa⁵⁵_ji³³	q a j i	qayi	K V J V	K A J I	many:172	172
Dhimal	dhim1246	many		istu	i s t u	istu	V S T V	I S T Y	many:1507	1507
Jirel	jire1238	many		kal_L¹ba_T¹	k a l b a	kalba	K V R P V	K A L P A	many:955	955
Old Chinese	oldc1244	many		tāj	t aː j	tay	T V J	T A J	many:1507	1507
Idu	idum1241	many		pa¹_ca¹	p a ts a	paTa	P V K V	P A C A	many:172	172
Lhota	loth1237	many		elam	e l a m	elam	V R V M	E L A M	many:412	412
Lushai	lush1249	many		tam	t a m	tam	T V M	T A M	many:122	122
Lepcha	lepc1244	many		gyap	g y a p	giap	K V V P	K Y A P	many:638	638
Sgaw	sgaw1245	many		ʔa⁴⁴_ʔa⁴⁴_ɣɔ	ʔ a ʔ a ɣ ɔ	7a7axo	H V H V K V	H A H A G U	many:1240	1240
Rourou	nusu1239	many		mi⁴²	m i	mi	M V	M I	many:212	212
Dulong	drun1238	many		bɨm⁵³	b ɨ m	b3m	P V M	P I M	many:850	850
Tangkul	tang1336	many		kachuŋha	k a tsʰ u ŋʰ a	kaThuNha	K V K V N V	K A C Y N A	many:156	156
Pa'O	paok1235	many		ʔa²²	ʔ a	7a	H V	H A	many:1240	1240
Geker	geko1235	many		ʔɔ³³_du³³_ʔɔ	ʔ ɔ d u ʔ ɔ	7odu7o	H V T V H V	H U T Y H U	many:1240	1240
Ersu	ersu1241	many		ja³³_mi⁵⁵	j a m i	yami	J V M V	J A M I	many:212	212
Ao-Mongsen	mong1332	many		iya	i y a	iia	V V V	I Y A	many:956	956
Sherpa	sher1255	many		alɛHR	a l ɛ	alE	V R V	A L E	many:432	432
Rawang	rawa1265	many		bim	b i m	bim	P V M	P I M	many:850	850
Bokar	bori1243	many		a_ɨ	a ɨ	a3	V V	A I	many:1240	1240
Hmar	hmar1241	many		tam	t a m	tam	T V M	T A M	many:122	122
Nusu	nusu1239	many		mia⁵⁵	m i a	mia	M V V	M I A	many:212	212
Geba	geba1237	many		ʔɔ³³_ʔɛ̃ʔ⁵³_ʔ	ʔ ɔ ʔ ɛ̃ ∼ ʔ ʔ	7o7E77	H V H V N H H	H U H E 9 H H	many:1240	1240
Manu	manu1255	many		a¹¹_ßø̣⁴⁴_le	a s ø̰ l e	aele	V S V R V	A S U L E	many:1240	1240
Alike Tibetan	amdo1237	many		maŋ_ŋæ	m a ŋ ŋ æ	maNNE	M V N N V	M A N N E	many:1468	1468
Shixing	shix1238	many		bɛ̃³⁵	b ɛ̃ ∼	bE	P V N	P E 9	many:850	850
Ninglang-Naxi	naxi1245	many		ʒ́i¹³	ʒʲ i	Zi	S V	S I	many:212	212
Khaling	khal1275	many		gholeH	gʰ o l e	ghole	K V R V	K U L E	many:1139	1139
W. Kayah	west2409	many		o¹¹_rọ⁴⁴	o r o̰	or	V R V	U R U	many:1240	1240
Written Tibetan	tibe1272	many		maŋ_mo	m a ŋ m o	maNmo	M V N M V	M A N M U	many:1468	1468
Batang Tibetan	kham1282	many		mõ¹³___mbo⁵³	m õ ∼ m b o	mombo	M V N M P V	M U 9 M P U	many:1468	1468
Gurung	guru1261	many		lxe²	l x e	lxe	R K V	L G E	many:432	432
Lhasa Tibetan	tibe1272	many		maŋ¹³_ko⁵⁵	m a ŋ k o	maNko	M V N K V	M A N K U	many:1468	1468
Garo	garo1247	many		baŋ-a	b a ŋ a	baNa	P V N V	P A N A	many:850	850
Hill-Miri	nyis1236	many		hama	h a m a	hama	H V M V	H A M A	many:1468	1468
Hakka	hakk1236	many		do¹	d o	do	T V	T U	many:1507	1507
Motuo-M	dakp1242	many		zak_po	z a k p o	zakpo	S V K P V	S A K P U	many:172	172
Tujia	nort2732	many		zi⁴	z i	zi	S V	S I	many:172	172
Beijing	mand1415	many		duō	d u oː	duo	T V V	T Y U	many:1507	1507
Zhaba	zhab1238	many		mjo²¹	m j o	myo	M J V	M J U	many:212	212
Kaike	kaik1246	many		yalma	y a l m a	ialma	V V R M V	Y A L M A	many:956	956
Yintale	yint1235	many		ʔa⁵⁵_ʔuŋ³³	ʔ a ʔ u ŋ	7a7uN	H V H V N	H A H Y N	many:1240	1240
Jinuo	youl1235	many		thə⁴²	tʰ ə	th3	T V	T E	many:1507	1507
Serdukpen	sher1257	many		ieb-chaŋ	i e b tsʰ a ŋ	iebThaN	V V P K V N	I E P C A N	many:156	156
Namuzi	namu1246	many		da⁵⁵_bər³³	d a b ə r	dab3r	T V P V R	T A P E R	many:850	850
Xiaxe Tibetan	amdo1237	many		maŋ	m a ŋ	maN	M V N	M A N	many:1468	1468
Lüsu	lisu1250	many		miæ⁵³miæ⁵³	m i æ m i æ	miEmiE	M V V M V V	M I E M I E	many:212	212
Liangmai	lian1251	many		malinna	m a l i n n a	malinna	M V R V N N V	M A L I N N A	many:412	412
Dimasa	dima1251	many		gabaŋ	g a b a ŋ	gabaN	K V P V N	K A P A N	many:850	850
Yeinbaw	yinb1236	many		ʔo¹¹_ʔa⁵⁵	ʔ o ʔ a	7o7a	H V H V	H U H A	many:1240	1240
N-Qiang	nort2722	many		quə_ɣli	q u ə ɣ l i	qu3xli	K V V K R V	K Y E G L I	many:1466	1466
Lijiang-Naxi	lich1241	many		mbɨ³¹	m b ɨ	mb3	M P V	M P I	many:212	212
Zeme	zeme1240	many		misoŋga	m i s o ŋ g a	misoNga	M V S V N K V	M I S U N K A	many:156	156
Jingpo	kach1280	many		loʔ⁵⁵	l o ʔ	lo7	R V H	L U H	many:410	410
Bodo	bodo1269	many		babəŋ	b a b ə ŋ	bab3N	P V P V N	P A P E N	many:850	850
Fuzhou	mind1253	many		sa²⁴²	s a	sa	S V	S A	many:1299	1299
Burmese	nucl1310	many		mjaː	m j aː	mya	M J V	M J A	many:212	212
Horpa	horp1239	many		_ɣre	ɣ r e	xre	K R V	G R E	many:1466	1466
Ao-Chungli	chon1286	many		aeiga	a e i g a	aeiga	V V V K V	A E I K A	many:956	956
Padam	pada1257	many		bo-ʒe	b o ʒ e	boZe	P V S V	P U S E	many:172	172
Bola	pela1242	many		mja³¹	m j a	mya	M J V	M J A	many:212	212
Guiqiong	guiq1238	many		tö³³_nbu⁵³	t ö n b u	tnbu	T V N P V	T U N P Y	many:850	850
Lhota	loth1237	many		koːša	k oː ʃ a	koSa	K V S V	K U S A	many:156	156
Liangmai	lian1251	many		keŋbu	k e ŋ b u	keNbu	K V N P V	K E N P Y	many:957	957
Quueyu	quey1238	mouth		ćnə³³_mbə³³	tsʲ n ə m b ə	n3mb3	T N V M P V	T N E M P E	mouth:707	707
Dhimal	dhim1246	mouth		nui	n u i	nui	N V V	N Y I	mouth:707	707
Apatari	apat1240	mouth		à_guŋ	a g u ŋ	aguN	V K V N	A K Y N	mouth:572	572
Jirel	jire1238	mouth		kha_T²	kʰ a	kha	K V	K A	mouth:680	680
Old Chinese	oldc1244	mouth		khōʔ	kʰ oː ʔ	kho7	K V H	K U H	mouth:593	593
Idu	idum1241	mouth		e¹_ko¹_be⁴	e k o b e	ekobe	V K V P V	E K U P E	mouth:1130	1130
Lhota	loth1237	mouth		oːpaŋ	oː p a ŋ	opaN	V P V N	U P A N	mouth:870	870
Lushai	lush1249	mouth		ka	k a	ka	K V	K A	mouth:680	680
Lepcha	lepc1244	mouth		a-boŋ	a b o ŋ	aboN	V P V N	A P U N	mouth:870	870
Sgaw	sgaw1245	mouth		kɔʔ⁵³_p̯ụ³³	k ɔ ʔ p̯ ṵ	ko7p	K V H P V	K U H P Y	mouth:858	858
Rourou	nusu1239	mouth		ńi⁴⁴_	nʲ i	ni	N V	N I	mouth:707	707
Dulong	drun1238	mouth		nɨi⁵⁵	n ɨ i	n3i	N V V	N I I	mouth:707	707
Tangkul	tang1336	mouth		khamor	kʰ a m o r	khamor	K V M V R	K A M U R	mouth:355	355
Pa'O	paok1235	mouth		phrɔŋ⁵⁵y	pʰ r ɔ ŋ y	phroNi	P R V N V	P R U N Y	mouth:1266	1266
Kulung	kulu1253	mouth		Nə	ə	3	V	E	mouth:619	619
Geker	geko1235	mouth		khaʔ⁵³_kəɨ⁴⁴	kʰ a ʔ k ə ɨ	kha7k33	K V H K V V	K A H K E I	mouth:593	593
Ersu	ersu1241	mouth		sɨ⁵⁵_npha⁵⁵	s ɨ n pʰ a	s3npha	S V N P V	S I N P A	mouth:271	271
Ao-Mongsen	mong1332	mouth		tɨpaŋ	t ɨ p a ŋ	t3paN	T V P V N	T I P A N	mouth:870	870
Sherpa	sher1255	mouth		khaHR	kʰ a	kha	K V	K A	mouth:680	680
Rawang	rawa1265	mouth		ner	n e r	ner	N V R	N E R	mouth:707	707
Bokar	bori1243	mouth		nap_paŋ	n a p p a ŋ	nappaN	N V P P V N	N A P P A N	mouth:1087	1087
Hmar	hmar1241	mouth		bau	b a u	bau	P V V	P A Y	mouth:858	858
Nusu	nusu1239	mouth		nha⁵⁵_khoŋ³⁵	nʰ a kʰ o ŋ	nhakhoN	N V K V N	N A K U N	mouth:1087	1087
Geba	geba1237	mouth		kəkɔʔ⁵³_p̯u³³	k ə k ɔ ʔ p̯ u	k3ko7pu	K V K V H P V	K E K U H P Y	mouth:858	858
Manu	manu1255	mouth		khu⁴⁴_phiɛ⁴⁴	kʰ u pʰ i ɛ	khuphiE	K V P V V	K Y P I E	mouth:593	593
Alike Tibetan	amdo1237	mouth		khä	kʰ æ	kh	K V	K E	mouth:680	680
Shixing	shix1238	mouth		ńi⁵⁵_śã³³	nʲ i sʲ ã ∼	nia	N V S V N	N I S A 9	mouth:707	707
Ninglang-Naxi	naxi1245	mouth		ńi³³_to³³	nʲ i t o	nito	N V T V	N I T U	mouth:707	707
Khaling	khal1275	mouth		kwam_L	k w a m	kwam	K W V M	K W A M	mouth:572	572
W. Kayah	west2409	mouth		kha³³_ʔu¹¹	kʰ a ʔ u	kha7u	K V H V	K A H Y	mouth:593	593
Written Tibetan	tibe1272	mouth		kha	kʰ a	kha	K V	K A	mouth:680	680
Batang Tibetan	kham1282	mouth		kha⁵³	kʰ a	kha	K V	K A	mouth:680	680
Gurung	guru1261	mouth		sũ¹	s ũ ∼	s	S V N	S Y 9	mouth:961	961
Lhasa Tibetan	tibe1272	mouth		kha⁵⁵	kʰ a	kha	K V	K A	mouth:680	680
Garo	garo1247	mouth		ku-sik	k u s i k	kusik	K V S V K	K Y S I K	mouth:593	593
Hill-Miri	nyis1236	mouth		nepti	n e p t i	nepti	N V P T V	N E P T I	mouth:1087	1087
Limbu	limb1266	mouth		məʔra	m ə ʔ r a	m37ra	M V H R V	M E H R A	mouth:1166	1166
Hakka	hakk1236	mouth		zoi⁴	z o i	zoi	S V V	S U I	mouth:228	228
Motuo-M	dakp1242	mouth		no_waŋ	n o w a ŋ	nowaN	N V W V N	N U W A N	mouth:707	707
Tujia	nort2732	mouth		ca³_ćhi¹	ts a tsʲʰ i	Tahi	K V T V	C A T I	mouth:166	166
Beijing	mand1415	mouth		zuǐ	z u i	zui	S V V	S Y I	mouth:228	228
Zhaba	zhab1238	mouth		nu̲t⁵⁵	n u t	nut	N V T	N Y T	mouth:707	707
Kaike	kaik1246	mouth		khapra	kʰ a p r a	khapra	K V P R V	K A P R A	mouth:680	680
Yintale	yint1235	mouth		kha⁵⁵_khu³³	kʰ a kʰ u	khakhu	K V K V	K A K Y	mouth:593	593
Jinuo	youl1235	mouth		mhö⁴⁴_mhö⁴⁴	mʰ ö mʰ ö	mhmh	M V M V	M U M U	mouth:707	707
Serdukpen	sher1257	mouth		nichaw	n i tsʰ a w	niThaw	N V K V W	N I C A W	mouth:228	228
Namuzi	namu1246	mouth		mi³³_mphsɨ⁵⁵	m i m pʰ s ɨ	mimphs3	M V M P S V	M I M P S I	mouth:271	271
Xiaxe Tibetan	amdo1237	mouth		kha	kʰ a	kha	K V	K A	mouth:680	680
Lüsu	lisu1250	mouth		ku³³_pe⁵³	k u p e	kupe	K V P V	K Y P E	mouth:593	593
Liangmai	lian1251	mouth		chamun	tsʰ a m u n	Thamun	K V M V N	C A M Y N	mouth:355	355
Dimasa	dima1251	mouth		khu	kʰ u	khu	K V	K Y	mouth:593	593
Yeinbaw	yinb1236	mouth		kạu¹¹_ko⁵⁵	k a̰ u k o	kuko	K V V K V	K A Y K U	mouth:1241	1241
N-Qiang	nort2722	mouth		ʒə_kuə	ʒ ə k u ə	Z3ku3	S V K V V	S E K Y E	mouth:166	166
Lijiang-Naxi	lich1241	mouth		nv⁵⁵_ta³³	n v t a	nvta	N W T V	N B T A	mouth:707	707
Zeme	zeme1240	mouth		mimui	m i m u i	mimui	M V M V V	M I M Y I	mouth:355	355
Jingpo	kach1280	mouth		n³¹_kup³¹	n k u p	nkup	N K V P	N K Y P	mouth:1310	1310
Fuzhou	mind1253	mouth		chui³¹	tsʰ u i	Thui	K V V	C Y I	mouth:228	228
Burmese	nucl1310	mouth		paː_cap	p aː ts a p	paTap	P V K V P	P A C A P	mouth:960	960
Horpa	horp1239	mouth		ja	j a	ya	J V	J A	mouth:707	707
Ao-Chungli	chon1286	mouth		tebaŋ	t e b a ŋ	tebaN	T V P V N	T E P A N	mouth:870	870
Padam	pada1257	mouth		naːp-paŋ	n aː p p a ŋ	nappaN	N V P P V N	N A P P A N	mouth:1087	1087
Bola	pela1242	mouth		nɔ̲t⁵⁵	n ɔ̰ t	not	N V T	N U T	mouth:707	707
Guiqiong	guiq1238	mouth		wũ³¹_pu⁵⁵	w ũ ∼ p u	wpu	W V N P V	W Y 9 P Y	mouth:858	858
Lushai	lush1249	mouth		kam	k a m	kam	K V M	K A M	mouth:572	572
Manu	manu1255	mouth		khu⁴⁴_phiɛ⁴⁴	kʰ u pʰ i ɛ	khuphiE	K V P V V	K Y P I E	mouth:1266	1266
Hill-Miri	nyis1236	mouth		agom	a g o m	agom	V K V M	A K U M	mouth:572	572
N-Qiang	nort2722	mouth		ʒə_kuə	ʒ ə k u ə	Z3ku3	S V K V V	S E K Y E	mouth:593	593
Dhimal	dhim1246	new		nawa_IND	n a w a	nawa	N V W V	N A W A	new:37	37
Apatari	apat1240	new		níti	n i t i	niti	N V T V	N I T I	new:1405	1405
Jirel	jire1238	new		sam_L¹ba_T¹	s a m b a	samba	S V M P V	S A M P A	new:189	189
Old Chinese	oldc1244	new		sin	s i n	sin	S V N	S I N	new:301	301
Idu	idum1241	new		me¹_eŋ¹	m e e ŋ	meeN	M V V N	M E E N	new:1542	1542
Lhota	loth1237	new		ethã	e tʰ ã ∼	etha	V T V N	E T A 9	new:189	189
Lushai	lush1249	new		thar	tʰ a r	thar	T V R	T A R	new:189	189
Lepcha	lepc1244	new		ăl	a l	l	V R	A L	new:1216	1216
Sgaw	sgaw1245	new		ʔəṭɔː⁴⁴	ʔ ə ʈ ɔː	73o	H V T V	H E T U	new:301	301
Rourou	nusu1239	new		ćiæ³¹	tsʲ i æ	iE	T V V	T I E	new:301	301
Dulong	drun1238	new		aŋ³¹_sar⁵⁵	a ŋ s a r	aNsar	V N S V R	A N S A R	new:189	189
Tangkul	tang1336	new		kathar	k a tʰ a r	kathar	K V T V R	K A T A R	new:189	189
Pa'O	paok1235	new		tə⁵⁵_sa³³	t ə s a	t3sa	T V S V	T E S A	new:301	301
Geker	geko1235	new		ṭaː⁵³	ʈ aː	a	T V	T A	new:301	301
Ersu	ersu1241	new		sɨ⁵⁵	s ɨ	s3	S V	S I	new:301	301
Ao-Mongsen	mong1332	new		tesen	t e s e n	tesen	T V S V N	T E S E N	new:301	301
Sherpa	sher1255	new		sambɛHF	s a m b ɛ	sambE	S V M P V	S A M P E	new:189	189
Rawang	rawa1265	new		aŋ_səR	a ŋ s ə	aNs3	V N S V	A N S E	new:189	189
Bokar	bori1243	new		nɨ_tiː	n ɨ t iː	n3ti	N V T V	N I T I	new:1405	1405
Hmar	hmar1241	new		thar	tʰ a r	thar	T V R	T A R	new:189	189
Nusu	nusu1239	new		ʒ́ɔ⁵⁵_ɔ³¹	ʒʲ ɔ ɔ	Zoo	S V V	S U U	new:301	301
Geba	geba1237	new		ʔəṭɛ⁴⁴	ʔ ə ʈ ɛ	73E	H V T V	H E T E	new:301	301
Manu	manu1255	new		sa¹¹	s a	sa	S V	S A	new:301	301
Alike Tibetan	amdo1237	new		sho_mæ	sʰ o m æ	shomE	S V M V	S U M E	new:189	189
Shixing	shix1238	new		ṣɛ⁵⁵_hĩ³³	ʂ ɛ h ĩ ∼	Ehi	S V H V N	S E H I 9	new:301	301
Ninglang-Naxi	naxi1245	new		ṣɨ¹³	ʂ ɨ	3	S V	S I	new:301	301
Khaling	khal1275	new		nin_L	n i n	nin	N V N	N I N	new:1405	1405
W. Kayah	west2409	new		ćɛ³³	tsʲ ɛ	E	T V	T E	new:301	301
Written Tibetan	tibe1272	new		gsar__pa	g s a r p a	gsarpa	K S V R P V	K S A R P A	new:189	189
Batang Tibetan	kham1282	new		sɛ⁵⁵_ba⁵³	s ɛ b a	sEba	S V P V	S E P A	new:189	189
Gurung	guru1261	new		chaː²ra	tsʰ aː r a	Thara	K V R V	C A R A	new:189	189
Lhasa Tibetan	tibe1272	new		saː⁵⁵_pa⁵⁵	s aː p a	sapa	S V P V	S A P A	new:189	189
Garo	garo1247	new		gital	g i t a l	gital	K V T V R	K I T A L	new:1225	1225
Hill-Miri	nyis1236	new		nite-ne	n i t e n e	nitene	N V T V N V	N I T E N E	new:1405	1405
Limbu	limb1266	new		kɔsɔN	k ɔ s ɔ	koso	K V S V	K U S U	new:154	154
Hakka	hakk1236	new		sin¹	s i n	sin	S V N	S I N	new:301	301
Motuo-M	dakp1242	new		siŋ_ma	s i ŋ m a	siNma	S V N M V	S I N M A	new:301	301
Tujia	nort2732	new		a³_si¹	a s i	asi	V S V	A S I	new:301	301
Beijing	mand1415	new		śīn	sʲ iː n	in	S V N	S I N	new:301	301
Zhaba	zhab1238	new		a²¹_sik⁵⁵	a s i k	asik	V S V K	A S I K	new:301	301
Kaike	kaik1246	new		sɔrba__TIB?	s ɔ r b a	sorba	S V R P V	S U R P A	new:189	189
Yintale	yint1235	new		ʔa¹¹_ṣaŋ³⁵	ʔ a ʂ a ŋ	7aaN	H V S V N	H A S A N	new:301	301
Jinuo	youl1235	new		ʃi⁵⁵	ʃ i	Si	S V	S I	new:301	301
Namuzi	namu1246	new		sɨ⁵⁵_cɛ³³	s ɨ ts ɛ	s3TE	S V K V	S I C E	new:301	301
Xiaxe Tibetan	amdo1237	new		sho_ma	sʰ o m a	shoma	S V M V	S U M A	new:189	189
Lüsu	lisu1250	new		ʒ́e³³_ʒ́e³³	ʒʲ e ʒʲ e	ZeZe	S V S V	S E S E	new:1149	1149
Liangmai	lian1251	new		kašan	k a ʃ a n	kaSan	K V S V N	K A S A N	new:301	301
Dimasa	dima1251	new		gadaiŋ	g a d a i ŋ	gadaiN	K V T V V N	K A T A I N	new:1225	1225
Yeinbaw	yinb1236	new		θi⁵⁵	θ i	8i	T V	D I	new:301	301
N-Qiang	nort2722	new		khsə	kʰ s ə	khs3	K S V	K S E	new:301	301
Lijiang-Naxi	lich1241	new		ṣɨ⁵⁵	ʂ ɨ	3	S V	S I	new:301	301
Zeme	zeme1240	new		karchibe	k a r tsʰ i b e	karThibe	K V R K V P V	K A R C I P E	new:189	189
Jingpo	kach1280	new		n³¹_nan³³	n n a n	nnan	N N V N	N N A N	new:1366	1366
Bodo	bodo1269	new		gadan	g a d a n	gadan	K V T V N	K A T A N	new:1225	1225
Fuzhou	mind1253	new		siŋ⁵⁵	s i ŋ	siN	S V N	S I N	new:301	301
Burmese	nucl1310	new		sac	s a ts	saT	S V K	S A C	new:301	301
Horpa	horp1239	new		xso_xso	x s o x s o	xsoxso	K S V K S V	G S U G S U	new:301	301
Ao-Chungli	chon1286	new		tasen	t a s e n	tasen	T V S V N	T A S E N	new:301	301
Padam	pada1257	new		a-ni	a n i	ani	V N V	A N I	new:1405	1405
Bola	pela1242	new		sak⁵⁵	s a k	sak	S V K	S A K	new:301	301
Guiqiong	guiq1238	new		sö⁵⁵_pö⁵⁵	s ö p ö	sp	S V P V	S U P U	new:301	301
Lepcha	lepc1244	new		car	ts a r	Tar	K V R	C A R	new:189	189
Quueyu	quey1238	root		_ṣce⁵	ʂ ts e	Te	S K V	S C E	root:1449	1449
Apatari	apat1240	root		lɨma	l ɨ m a	l3ma	R V M V	L I M A	root:337	337
Jirel	jire1238	root		cab_L¹reŋ_T¹	ts a b r e ŋ	TabreN	K V P R V N	C A P R E N	root:1481	1481
Old Chinese	oldc1244	root		pə̄rʔ	p ə r ʔ	p3r7	P V R H	P E R H	root:1356	1356
Idu	idum1241	root		ho¹_ro¹	h o r o	horo	H V R V	H U R U	root:1416	1416
Lhota	loth1237	root		oːyaŋ	oː y a ŋ	oiaN	V V V N	U Y A N	root:785	785
Lushai	lush1249	root		zuŋ	z u ŋ	zuN	S V N	S Y N	root:785	785
Lepcha	lepc1244	root		fya	f y a	fia	P V V	B Y A	root:1202	1202
Sgaw	sgaw1245	root		ɣi²²	ɣ i	xi	K V	G I	root:1416	1416
Rourou	nusu1239	root		_kã³¹	k ã ∼	ka	K V N	K A 9	root:1481	1481
Dulong	drun1238	root		aːŋ⁵⁵_rɨ⁵⁵	aː ŋ r ɨ	aNr3	V N R V	A N R I	root:1416	1416
Tangkul	tang1336	root		aŋayuŋ	a ŋ a y u ŋ	aNaiuN	V N V V V N	A N A Y Y N	root:785	785
Pa'O	paok1235	root		ʔa¹¹_rwi⁵⁵²²	ʔ a r w i	7arwi	H V R W V	H A R W I	root:1416	1416
Kulung	kulu1253	root		sam	s a m	sam	S V M	S A M	root:1449	1449
Geker	geko1235	root		ṭəɨ³¹_ʃwiʔ⁵³	ʈ ə ɨ ʃ w i ʔ	33Swi7	T V V S W V H	T E I S W I H	root:1416	1416
Ersu	ersu1241	root		nbar⁵⁵	n b a r	nbar	N P V R	N P A R	root:1356	1356
Ao-Mongsen	mong1332	root		tezuŋ	t e z u ŋ	tezuN	T V S V N	T E S Y N	root:785	785
Sherpa	sher1255	root		mɛrHR	m ɛ r	mEr	M V R	M E R	root:337	337
Rawang	rawa1265	root		rer	r e r	rer	R V R	R E R	root:1416	1416
Bokar	bori1243	root		pa_pɨr	p a p ɨ r	pap3r	P V P V R	P A P I R	root:1356	1356
Hmar	hmar1241	root		thiŋzuŋ	tʰ i ŋ z u ŋ	thiNzuN	T V N S V N	T I N S Y N	root:785	785
Nusu	nusu1239	root		grə⁵⁵_ma³¹	g r ə m a	gr3ma	K R V M V	K R E M A	root:1481	1481
Geba	geba1237	root		wi²²	w i	wi	W V	W I	root:1416	1416
Manu	manu1255	root		kɔ³³_ßi³³⁴⁴	k ɔ s i	koi	K V S V	K U S I	root:1416	1416
Alike Tibetan	amdo1237	root		ɣca_pa	ɣ ts a p a	xTapa	K K V P V	G C A P A	root:283	283
Shixing	shix1238	root		khɨ³⁵	kʰ ɨ	kh3	K V	K I	root:568	568
Ninglang-Naxi	naxi1245	root		khɨ³³_tər¹³	kʰ ɨ t ə r	kh3t3r	K V T V R	K I T E R	root:568	568
Khaling	khal1275	root		sɛm_L	s ɛ m	sEm	S V M	S E M	root:1449	1449
W. Kayah	west2409	root		rũi⁴⁴	r ũ ∼ i	ri	R V N V	R Y 9 I	root:1416	1416
Written Tibetan	tibe1272	root		rca_ba	r ts a b a	rTaba	R K V P V	R C A P A	root:283	283
Batang Tibetan	kham1282	root		nʒ́ɛʔ⁵³	n ʒʲ ɛ ʔ	nZE7	N S V H	N S E H	root:283	283
Gurung	guru1261	root		ʒara_NPL	ʒ a r a	Zara	S V R V	S A R A	root:49	49
Lhasa Tibetan	tibe1272	root		caː⁵⁵	ts aː	Ta	K V	C A	root:283	283
Garo	garo1247	root		ja-dil	j a d i l	yadil	J V T V R	J A T I L	root:1543	1543
Hill-Miri	nyis1236	root		rɨga	r ɨ g a	r3ga	R V K V	R I K A	root:1416	1416
Limbu	limb1266	root		saːp	s aː p	sap	S V P	S A P	root:1449	1449
Hakka	hakk1236	root		gin¹	g i n	gin	K V N	K I N	root:1308	1308
Motuo-M	dakp1242	root		ca	ts a	Ta	K V	C A	root:283	283
Tujia	nort2732	root		ći¹_la⁴	tsʲ i l a	ila	T V R V	T I L A	root:568	568
Beijing	mand1415	root		gēn	g eː n	gen	K V N	K E N	root:1308	1308
Zhaba	zhab1238	root		a²¹_pu̲n⁵¹	a p u n	apun	V P V N	A P Y N	root:1356	1356
Yintale	yint1235	root		wei¹¹	w e i	wei	W V V	W E I	root:1416	1416
Jinuo	youl1235	root		a³³_ćhe⁴⁴	a tsʲʰ e	ahe	V T V	A T E	root:568	568
Serdukpen	sher1257	root		rabo	r a b o	rabo	R V P V	R A P U	root:1202	1202
Namuzi	namu1246	root		pɛ̲r⁴⁴	p ɛ r	pEr	P V R	P E R	root:1356	1356
Xiaxe Tibetan	amdo1237	root		hca_pa	h ts a p a	hTapa	H K V P V	H C A P A	root:283	283
Lüsu	lisu1250	root		_nbɨ⁵³	n b ɨ	nb3	N P V	N P I	root:1356	1356
Liangmai	lian1251	root		paminh	p a m i nʰ	paminh	P V M V N	P A M I N	root:337	337
Dimasa	dima1251	root		jader	j a d e r	yader	J V T V R	J A T E R	root:1543	1543
Yeinbaw	yinb1236	root		sɨ¹¹_rwẹ⁵⁵	s ɨ r w ḛ	s3rw	S V R W V	S I R W E	root:1416	1416
N-Qiang	nort2722	root		kapa	k a p a	kapa	K V P V	K A P A	root:1356	1356
Lijiang-Naxi	lich1241	root		khɨ³³	kʰ ɨ	kh3	K V	K I	root:568	568
Zeme	zeme1240	root		pema	p e m a	pema	P V M V	P E M A	root:337	337
Jingpo	kach1280	root		ʒu³¹	ʒ u	Zu	S V	S Y	root:1217	1217
Bodo	bodo1269	root		rodəj	r o d ə j	rod3y	R V T V J	R U T E J	root:1543	1543
Fuzhou	mind1253	root		chiu³¹_küŋ⁵⁵	tsʰ i u k y ŋ	ThiukN	K V V K V N	C I Y K Y N	root:1308	1308
Burmese	nucl1310	root		amrac	a m r a ts	amraT	V M R V K	A M R A C	root:244	244
Horpa	horp1239	root		shə_rko	sʰ ə r k o	sh3rko	S V R K V	S E R K U	root:598	598
Ao-Chungli	chon1286	root		tera	t e r a	tera	T V R V	T E R A	root:1416	1416
Padam	pada1257	root		a-pɨr	a p ɨ r	ap3r	V P V R	A P I R	root:1356	1356
Bola	pela1242	root		sak⁵⁵_kji³¹	s a k k j i	sakkyi	S V K K J V	S A K K J I	root:568	568
Guiqiong	guiq1238	root		nɛ³⁵	n ɛ	nE	N V	N E	root:976	976
Quueyu	quey1238	seed		riɨ⁵⁵	r i ɨ	ri3	R V V	R I I	seed:1489	1489
Dhimal	dhim1246	seed		calai	ts a l a i	Talai	K V R V V	C A L A I	seed:399	399
Apatari	apat1240	seed		àlí	a l i	ali	V R V	A L I	seed:399	399
Jirel	jire1238	seed		son_T¹	s o n	son	S V N	S U N	seed:286	286
Old Chinese	oldc1244	seed		toŋʔ	t o ŋ ʔ	toN7	T V N H	T U N H	seed:111	111
Idu	idum1241	seed		a¹_pre¹	a p r e	apre	V P R V	A P R E	seed:399	399
Lhota	loth1237	seed		caŋthi	ts a ŋ tʰ i	TaNthi	K V N T V	C A N T I	seed:164	164
Lushai	lush1249	seed		mu	m u	mu	M V	M Y	seed:232	232
Lepcha	lepc1244	seed		lí	l i	li	R V	L I	seed:399	399
Sgaw	sgaw1245	seed		khli⁴⁴	kʰ l i	khli	K R V	K L I	seed:399	399
Rourou	nusu1239	seed		źɨ³¹_læ³¹	zʲ ɨ l æ	3lE	S V R V	S I L E	seed:342	342
Dulong	drun1238	seed		aːŋ³¹_śi⁵⁵	aː ŋ sʲ i	aNi	V N S V	A N S I	seed:342	342
Tangkul	tang1336	seed		atha	a tʰ a	atha	V T V	A T A	seed:164	164
Pa'O	paok1235	seed		ʔa¹¹_khu³³³³	ʔ a kʰ u	7akhu	H V K V	H A K Y	seed:399	399
Kulung	kulu1253	seed		calei	ts a l e i	Talei	K V R V V	C A L E I	seed:399	399
Geker	geko1235	seed		ṭəɨ³¹_ṭa³¹_ßw	ʈ ə ɨ ʈ a s w	33aw	T V V T V S W	T E I T A S W	seed:399	399
Ersu	ersu1241	seed		gɛ⁵⁵	g ɛ	gE	K V	K E	seed:1489	1489
Ao-Mongsen	mong1332	seed		teʒɨŋ	t e ʒ ɨ ŋ	teZ3N	T V S V N	T E S I N	seed:342	342
Sherpa	sher1255	seed		sen_LF	s e n	sen	S V N	S E N	seed:286	286
Rawang	rawa1265	seed		aŋ_ɛ	a ŋ ɛ	aNE	V N V	A N E	seed:342	342
Bokar	bori1243	seed		um_li	u m l i	umli	V M R V	Y M L I	seed:399	399
Hmar	hmar1241	seed		chi	tsʰ i	Thi	K V	C I	seed:164	164
Nusu	nusu1239	seed		vɨ⁵⁵	v ɨ	v3	W V	B I	seed:988	988
Geba	geba1237	seed		khwi⁴⁴	kʰ w i	khwi	K W V	K W I	seed:399	399
Manu	manu1255	seed		phluə⁴⁴⁵⁵	pʰ l u ə	phlu3	P R V V	P L Y E	seed:429	429
Alike Tibetan	amdo1237	seed		sä_won	s æ w o n	swon	S V W V N	S E W U N	seed:286	286
Shixing	shix1238	seed		ha⁵⁵_lye³³	h a l y e	halie	H V R V V	H A L Y E	seed:399	399
Ninglang-Naxi	naxi1245	seed		la¹³	l a	la	R V	L A	seed:399	399
Khaling	khal1275	seed		raru_L	r a r u	raru	R V R V	R A R Y	seed:1489	1489
W. Kayah	west2409	seed		plɔ¹¹	p l ɔ	plo	P R V	P L U	seed:429	429
Written Tibetan	tibe1272	seed		son	s o n	son	S V N	S U N	seed:286	286
Batang Tibetan	kham1282	seed		shö̃⁵⁵	sʰ õ ∼	sh	S V N	S U 9	seed:286	286
Gurung	guru1261	seed		plxu²	p l x u	plxu	P R K V	P L G Y	seed:399	399
Lhasa Tibetan	tibe1272	seed		sö̃⁵⁵	s õ ∼	s	S V N	S U 9	seed:286	286
Garo	garo1247	seed		bicil	b i ts i l	biTil	P V K V R	P I C I L	seed:399	399
Hill-Miri	nyis1236	seed		aš	a ʃ	aS	V S	A S	seed:399	399
Limbu	limb1266	seed		seː	s eː	se	S V	S E	seed:746	746
Hakka	hakk1236	seed		z³	z	z	S	S	seed:1329	1329
Motuo-M	dakp1242	seed		li	l i	li	R V	L I	seed:399	399
Tujia	nort2732	seed		ńie¹_lan¹	nʲ i e l a n	nielan	N V V R V N	N I E L A N	seed:429	429
Beijing	mand1415	seed		zhǒngzǐ	z h o ŋ z i	zhngzi	S H V N S V	S H U N S I	seed:111	111
Zhaba	zhab1238	seed		a²¹_mji²¹	a m j i	amyi	V M J V	A M J I	seed:232	232
Kaike	kaik1246	seed		ryu	r y u	riu	R V V	R Y Y	seed:1489	1489
Yintale	yint1235	seed		ʔa¹¹_phlo³³	ʔ a pʰ l o	7aphlo	H V P R V	H A P L U	seed:429	429
Jinuo	youl1235	seed		tʃə³⁵	tʃ ə	tS3	T V	T E	seed:164	164
Serdukpen	sher1257	seed		alih	a l i h	alih	V R V H	A L I H	seed:399	399
Namuzi	namu1246	seed		ẓɨ⁵⁵	ʐ ɨ	3	S V	S I	seed:286	286
Xiaxe Tibetan	amdo1237	seed		shə_ʁoŋ	sʰ ə ʁ o ŋ	sh3GoN	S V R V N	S E R U N	seed:286	286
Lüsu	lisu1250	seed		ɣɨr³³_zɨ⁵⁵	ɣ ɨ r z ɨ	x3rz3	K V R S V	G I R S I	seed:1489	1489
Liangmai	lian1251	seed		pašiu	p a ʃ i u	paSiu	P V S V V	P A S I Y	seed:286	286
Dimasa	dima1251	seed		bogoroŋ	b o g o r o ŋ	bogoroN	P V K V R V N	P U K U R U N	seed:748	748
Yeinbaw	yinb1236	seed		θɨ̃¹¹_phlvu¹	θ ɨ̃ ∼ pʰ l v u	83phlvu	T V N P R W V	D I 9 P L B Y	seed:429	429
N-Qiang	nort2722	seed		tʃhaz	tʃʰ a z	tShaz	T V S	T A S	seed:342	342
Lijiang-Naxi	lich1241	seed		lər⁵⁵	l ə r	l3r	R V R	L E R	seed:399	399
Zeme	zeme1240	seed		helai	h e l a i	helai	H V R V V	H E L A I	seed:399	399
Jingpo	kach1280	seed		li³³	l i	li	R V	L I	seed:399	399
Bodo	bodo1269	seed		begoʔr	b e g o ʔ r	bego7r	P V K V H R	P E K U H R	seed:748	748
Fuzhou	mind1253	seed		cüŋ⁵⁵_ci⁵²	ts y ŋ ts i	TNTi	K V N K V	C Y N C I	seed:111	111
Burmese	nucl1310	seed		mjuiː_ceː	m j u iː ts eː	myuiTe	M J V V K V	M J Y I C E	seed:232	232
Horpa	horp1239	seed		fłhə	f ɬ h ə	fLh3	P R H V	B L H E	seed:399	399
Ao-Chungli	chon1286	seed		mecɨ	m e ts ɨ	meT3	M V K V	M E C I	seed:164	164
Padam	pada1257	seed		a-li	a l i	ali	V R V	A L I	seed:399	399
Bola	pela1242	seed		a³¹_mjuŋ³¹	a m j u ŋ	amyuN	V M J V N	A M J Y N	seed:232	232
Guiqiong	guiq1238	seed		ćhyi⁵⁵	tsʲʰ y i	hii	T V V	T Y I	seed:286	286
Written Tibetan	tibe1272	seed		sa_bon	s a b o n	sabon	S V P V N	S A P U N	seed:1020	1020
Beijing	mand1415	seed		zǐ	z i	zi	S V	S I	seed:1329	1329
Dimasa	dima1251	seed		bumu	b u m u	bumu	P V M V	P Y M Y	seed:232	232
Burmese	nucl1310	seed		mjuiː_ceː	m j u iː ts eː	myuiTe	M J V V K V	M J Y I C E	seed:164	164
Quueyu	quey1238	skin		ri¹³_riɛ³³	r i r i ɛ	ririE	R V R V V	R I R I E	skin:715	715
Dhimal	dhim1246	skin		dhale	d h a l e	dhale	T H V R V	T H A L E	skin:1112	1112
Apatari	apat1240	skin		àlyò	a l y o	alio	V R V V	A L Y U	skin:272	272
Jirel	jire1238	skin		kok_L¹ten_T¹	k o k t e n	kokten	K V K T V N	K U K T E N	skin:503	503
Old Chinese	oldc1244	skin		pa_	p a	pa	P V	P A	skin:1309	1309
Idu	idum1241	skin		ko¹_pra¹	k o p r a	kopra	K V P R V	K U P R A	skin:584	584
Lhota	loth1237	skin		fhu	fʰ u	fhu	P V	B Y	skin:665	665
Lushai	lush1249	skin		vun	v u n	vun	W V N	B Y N	skin:675	675
Lepcha	lepc1244	skin		kryu	k r y u	kriu	K R V V	K R Y Y	skin:584	584
Sgaw	sgaw1245	skin		ʔəphĩʔ⁵³	ʔ ə pʰ ĩ ∼ ʔ	73phi7	H V P V N H	H E P I 9 H	skin:873	873
Rourou	nusu1239	skin		lo³¹_	l o	lo	R V	L U	skin:993	993
Dulong	drun1238	skin		aːŋ³¹_pɨn⁵⁵	aː ŋ p ɨ n	aNp3n	V N P V N	A N P I N	skin:848	848
Tangkul	tang1336	skin		ahui	a h u i	ahui	V H V V	A H Y I	skin:665	665
Pa'O	paok1235	skin		ʔapi⁴⁴²²	ʔ a p i	7api	H V P V	H A P I	skin:864	864
Kulung	kulu1253	skin		sɔkɔwar	s ɔ k ɔ w a r	sokowar	S V K V W V R	S U K U W A R	skin:713	713
Geker	geko1235	skin		ʔəphʌiʔ⁵³	ʔ ə pʰ ʌ i ʔ	73phoi7	H V P V V H	H E P E I H	skin:873	873
Ersu	ersu1241	skin		nʒ̣o⁵⁵_pi⁵⁵	n ʒ o p i	nZopi	N S V P V	N S U P I	skin:713	713
Ao-Mongsen	mong1332	skin		kap	k a p	kap	K V P	K A P	skin:507	507
Sherpa	sher1255	skin		kowa_LF	k o w a	kowa	K V W V	K U W A	skin:503	503
Rawang	rawa1265	skin		phin	pʰ i n	phin	P V N	P I N	skin:848	848
Bokar	bori1243	skin		a_pin	a p i n	apin	V P V N	A P I N	skin:848	848
Hmar	hmar1241	skin		vun	v u n	vun	W V N	B Y N	skin:675	675
Nusu	nusu1239	skin		khu³¹_	kʰ u	khu	K V	K Y	skin:584	584
Geba	geba1237	skin		ʔəphəiʔ⁵³	ʔ ə pʰ ə i ʔ	73ph3i7	H V P V V H	H E P E I H	skin:873	873
Manu	manu1255	skin		be⁴⁴	b e	be	P V	P E	skin:864	864
Shixing	shix1238	skin		ɣâ³⁵	ɣ a	xa	K V	G A	skin:994	994
Ninglang-Naxi	naxi1245	skin		ɣɨ¹³	ɣ ɨ	x3	K V	G I	skin:715	715
Khaling	khal1275	skin		sɔkɔ_L	s ɔ k ɔ	soko	S V K V	S U K U	skin:713	713
W. Kayah	west2409	skin		pha⁵⁵	pʰ a	pha	P V	P A	skin:873	873
Written Tibetan	tibe1272	skin		śa_pags	sʲ a p a g s	apags	S V P V K S	S A P A K S	skin:864	864
Batang Tibetan	kham1282	skin		xha⁵⁵_pâ⁵³	x h a p a	xhapa	K H V P V	G H A P A	skin:864	864
Gurung	guru1261	skin		ṭxu¹bi	ʈ x u b i	xubi	T K V P V	T G Y P I	skin:715	715
Lhasa Tibetan	tibe1272	skin		pak⁵⁵_pa⁵⁵	p a k p a	pakpa	P V K P V	P A K P A	skin:864	864
Garo	garo1247	skin		bigil	b i g i l	bigil	P V K V R	P I K I L	skin:584	584
Hill-Miri	nyis1236	skin		epin	e p i n	epin	V P V N	E P I N	skin:848	848
Limbu	limb1266	skin		hoːrik	h oː r i k	horik	H V R V K	H U R I K	skin:503	503
Hakka	hakk1236	skin		pi²	p i	pi	P V	P I	skin:690	690
Motuo-M	dakp1242	skin		moŋ_naŋ	m o ŋ n a ŋ	moNnaN	M V N N V N	M U N N A N	skin:1182	1182
Tujia	nort2732	skin		tha¹_pha⁴	tʰ a pʰ a	thapha	T V P V	T A P A	skin:690	690
Beijing	mand1415	skin		pífū	p i f uː	pif	P V P V	P I B Y	skin:1309	1309
Zhaba	zhab1238	skin		ʃŏ²¹_ku̲²¹	ʃ o k u	Soku	S V K V	S U K Y	skin:503	503
Kaike	kaik1246	skin		phon	pʰ o n	phon	P V N	P U N	skin:848	848
Yintale	yint1235	skin		bei³³	b e i	bei	P V V	P E I	skin:864	864
Jinuo	youl1235	skin		a⁴⁴_kho⁴²	a kʰ o	akho	V K V	A K U	skin:503	503
Serdukpen	sher1257	skin		skuk	s k u k	skuk	S K V K	S K Y K	skin:503	503
Namuzi	namu1246	skin		ər⁵⁵_ṣɨ³³	ə r ʂ ɨ	3r3	V R S V	E R S I	skin:713	713
Xiaxe Tibetan	amdo1237	skin		hćə_mo	h tsʲ ə m o	h3mo	H T V M V	H T E M U	skin:713	713
Lüsu	lisu1250	skin		ŋar³³_pi⁵³	ŋ a r p i	Narpi	N V R P V	N A R P I	skin:715	715
Liangmai	lian1251	skin		pagih	p a g i h	pagih	P V K V H	P A K I H	skin:715	715
Dimasa	dima1251	skin		bugur	b u g u r	bugur	P V K V R	P Y K Y R	skin:584	584
Yeinbaw	yinb1236	skin		phe⁵⁵	pʰ e	phe	P V	P E	skin:873	873
N-Qiang	nort2722	skin		nə_rə_pi	n ə r ə p i	n3r3pi	N V R V P V	N E R E P I	skin:715	715
Lijiang-Naxi	lich1241	skin		ɣɨ³³_phi³¹	ɣ ɨ pʰ i	x3phi	K V P V	G I P I	skin:715	715
Zeme	zeme1240	skin		migei	m i g e i	migei	M V K V V	M I K E I	skin:715	715
Jingpo	kach1280	skin		phjiʔ³¹	pʰ j i ʔ	phyi7	P J V H	P J I H	skin:873	873
Bodo	bodo1269	skin		biguʔr	b i g u ʔ r	bigu7r	P V K V H R	P I K Y H R	skin:584	584
Fuzhou	mind1253	skin		phui⁵²	pʰ u i	phui	P V V	P Y I	skin:690	690
Burmese	nucl1310	skin		are	a r e	are	V R V	A R E	skin:715	715
Horpa	horp1239	skin		ʒ́i_ʒ́a	ʒʲ i ʒʲ a	ZiZa	S V S V	S I S A	skin:713	713
Ao-Chungli	chon1286	skin		kɨp	k ɨ p	k3p	K V P	K I P	skin:507	507
Padam	pada1257	skin		a-yo	a y o	aio	V V V	A Y U	skin:272	272
Bola	pela1242	skin		ʃă³⁵_ka̲uʔ⁵	ʃ a k a̰ u ʔ	Skau7	S V K V V H	S A K A Y H	skin:503	503
Guiqiong	guiq1238	skin		śi⁵³	sʲ i	i	S V	S I	skin:713	713
Kulung	kulu1253	skin		sɔkɔwar	s ɔ k ɔ w a r	sokowar	S V K V W V R	S U K U W A R	skin:584	584
Ersu	ersu1241	skin		nʒ̣o⁵⁵_pi⁵⁵	n ʒ o p i	nZopi	N S V P V	N S U P I	skin:873	873
Khaling	khal1275	skin		sɔkɔ_L	s ɔ k ɔ	soko	S V K V	S U K U	skin:584	584
Beijing	mand1415	skin		fū	f uː	f	P V	B Y	skin:690	690
Lüsu	lisu1250	skin		ŋar³³_pi⁵³	ŋ a r p i	Narpi	N V R P V	N A R P I	skin:873	873
N-Qiang	nort2722	skin		nə_rə_pi	n ə r ə p i	n3r3pi	N V R V P V	N E R E P I	skin:873	873
Quueyu	quey1238	sun		pu⁵⁵	p u	pu	P V	P Y	sun:846	846
Dhimal	dhim1246	sun		sanhe	s a nʰ e	sanhe	S V N V	S A N E	sun:1394	1394
Apatari	apat1240	sun		dàńi	d a nʲ i	dani	T V N V	T A N I	sun:1394	1394
Jirel	jire1238	sun		ńi_L¹ma_L¹	nʲ i m a	nima	N V M V	N I M A	sun:1394	1394
Old Chinese	oldc1244	sun		nit	n i t	nit	N V T	N I T	sun:1394	1394
Idu	idum1241	sun		i¹_ńi¹	i nʲ i	ini	V N V	I N I	sun:1394	1394
Lhota	loth1237	sun		eŋi	e ŋ i	eNi	V N V	E N I	sun:1394	1394
Lushai	lush1249	sun		ni	n i	ni	N V	N I	sun:1394	1394
Lepcha	lepc1244	sun		să-cŭk	s a ts u k	sTuk	S V K V K	S A C Y K	sun:221	221
Sgaw	sgaw1245	sun		mɨ¹¹	m ɨ	m3	M V	M I	sun:147	147
Rourou	nusu1239	sun		mɨ³⁵_læ³¹	m ɨ l æ	m3lE	M V R V	M I L E	sun:1394	1394
Dulong	drun1238	sun		nam⁵³_	n a m	nam	N V M	N A M	sun:1371	1371
Tangkul	tang1336	sun		zimik	z i m i k	zimik	S V M V K	S I M I K	sun:1394	1394
Pa'O	paok1235	sun		mɨ⁵⁵²²	m ɨ	m3	M V	M I	sun:147	147
Kulung	kulu1253	sun		nam	n a m	nam	N V M	N A M	sun:1371	1371
Geker	geko1235	sun		məɨʔ⁵³	m ə ɨ ʔ	m337	M V V H	M E I H	sun:147	147
Ersu	ersu1241	sun		ńo⁵⁵_ma⁵⁵_TI	nʲ o m a	noma	N V M V	N U M A	sun:71	71
Ao-Mongsen	mong1332	sun		cuŋi	ts u ŋ i	TuNi	K V N V	C Y N I	sun:1394	1394
Sherpa	sher1255	sun		ŋyima_LF	ŋ y i m a	Niima	N V V M V	N Y I M A	sun:1394	1394
Rawang	rawa1265	sun		nəm	n ə m	n3m	N V M	N E M	sun:1371	1371
Bokar	bori1243	sun		duŋ_ńi	d u ŋ nʲ i	duNni	T V N N V	T Y N N I	sun:1394	1394
Hmar	hmar1241	sun		nisa	n i s a	nisa	N V S V	N I S A	sun:1394	1394
Nusu	nusu1239	sun		ńi³⁵_a⁵⁵	nʲ i a	nia	N V V	N I A	sun:1394	1394
Geba	geba1237	sun		lu²²_mu²²	l u m u	lumu	R V M V	L Y M Y	sun:147	147
Manu	manu1255	sun		lụ-mọ⁴⁴²²	l ṵ m o̰	lm	R V M V	L Y M U	sun:147	147
Alike Tibetan	amdo1237	sun		ńə_mä	nʲ ə m æ	n3m	N V M V	N E M E	sun:1394	1394
Shixing	shix1238	sun		ńɛ⁵⁵_mi⁵³_TI	nʲ ɛ m i	nEmi	N V M V	N E M I	sun:72	72
Ninglang-Naxi	naxi1245	sun		ńi³³_mi³³	nʲ i m i	nimi	N V M V	N I M I	sun:1394	1394
Khaling	khal1275	sun		nwam_L	n w a m	nwam	N W V M	N W A M	sun:1371	1371
W. Kayah	west2409	sun		təmɔ⁴⁴̣	t ə m ɔ	t3mo	T V M V	T E M U	sun:147	147
Written Tibetan	tibe1272	sun		ńi_ma	nʲ i m a	nima	N V M V	N I M A	sun:1394	1394
Batang Tibetan	kham1282	sun		ńi¹³_mâ⁵⁵	nʲ i m a	nima	N V M V	N I M A	sun:1394	1394
Gurung	guru1261	sun		txiyãː	t x i y ãː	txiia	T K V V V	T G I Y A	sun:1394	1394
Lhasa Tibetan	tibe1272	sun		ńi¹³_mə⁵⁵	nʲ i m ə	nim3	N V M V	N I M E	sun:1394	1394
Garo	garo1247	sun		sal	s a l	sal	S V R	S A L	sun:160	160
Hill-Miri	nyis1236	sun		duńi	d u nʲ i	duni	T V N V	T Y N I	sun:1394	1394
Limbu	limb1266	sun		nam	n a m	nam	N V M	N A M	sun:1371	1371
Hakka	hakk1236	sun		ŋit⁵_teu²	ŋ i t t e u	Nitteu	N V T T V V	N I T T E Y	sun:1394	1394
Motuo-M	dakp1242	sun		ŋam	ŋ a m	Nam	N V M	N A M	sun:1394	1394
Tujia	nort2732	sun		lau⁴_chi⁴	l a u tsʰ i	lauThi	R V V K V	L A Y C I	sun:221	221
Beijing	mand1415	sun		rìtou_śY	r i t o u	ritou	R V T V V	R I T U Y	sun:1394	1394
Zhaba	zhab1238	sun		pui⁵¹	p u i	pui	P V V	P Y I	sun:846	846
Kaike	kaik1246	sun		nhima_TIB?	nʰ i m a	nhima	N V M V	N I M A	sun:1394	1394
Yintale	yint1235	sun		tə¹¹_məv¹¹	t ə m ə v	t3m3v	T V M V W	T E M E B	sun:147	147
Jinuo	youl1235	sun		ńə⁴²_ɔ³³	nʲ ə ɔ	n3o	N V V	N E U	sun:1394	1394
Serdukpen	sher1257	sun		nini	n i n i	nini	N V N V	N I N I	sun:1394	1394
Namuzi	namu1246	sun		ńimi⁵⁵_TIB	nʲ i m i	nimi	N V M V	N I M I	sun:73	73
Xiaxe Tibetan	amdo1237	sun		ńə_ma	nʲ ə m a	n3ma	N V M V	N E M A	sun:1394	1394
Lüsu	lisu1250	sun		ńi³³_mi⁵³_TI	nʲ i m i	nimi	N V M V	N I M I	sun:74	74
Liangmai	lian1251	sun		naimik	n a i m i k	naimik	N V V M V K	N A I M I K	sun:1394	1394
Yeinbaw	yinb1236	sun		lv⁴⁴__mụ¹¹	l v m ṵ	lvm	R W M V	L B M Y	sun:147	147
N-Qiang	nort2722	sun		mun	m u n	mun	M V N	M Y N	sun:1394	1394
Lijiang-Naxi	lich1241	sun		ńi³³_me³³	nʲ i m e	nime	N V M V	N I M E	sun:1394	1394
Zeme	zeme1240	sun		naimik	n a i m i k	naimik	N V V M V K	N A I M I K	sun:1394	1394
Jingpo	kach1280	sun		tšan³³	t ʃ a n	tSan	T S V N	T S A N	sun:160	160
Bodo	bodo1269	sun		san	s a n	san	S V N	S A N	sun:160	160
Fuzhou	mind1253	sun		lik³_thau⁵²	l i k tʰ a u	likthau	R V K T V V	L I K T A Y	sun:1394	1394
Burmese	nucl1310	sun		ne	n e	ne	N V	N E	sun:1394	1394
Horpa	horp1239	sun		ɣbə	ɣ b ə	xb3	K P V	G P E	sun:846	846
Ao-Chungli	chon1286	sun		anɨ	a n ɨ	an3	V N V	A N I	sun:1394	1394
Padam	pada1257	sun		do-ńi	d o nʲ i	doni	T V N V	T U N I	sun:1394	1394
Bola	pela1242	sun		pui⁵⁵	p u i	pui	P V V	P Y I	sun:846	846
Guiqiong	guiq1238	sun		mi³³_nchö⁵⁵	m i n tsʰ ö	minTh	M V N K V	M I N C U	sun:1394	1394
Beijing	mand1415	sun		t`ai_yaŋ	t a i j a ŋ	taiiaN	T V V J V N	T A I J A N	sun:458	458
Liangmai	lian1251	sun		naimik	n a i m i k	naimik	N V V M V K	N A I M I K	sun:143	143
N-Qiang	nort2722	sun		mun	m u n	mun	M V N	M Y N	sun:147	147
Zeme	zeme1240	sun		naimik	n a i m i k	naimik	N V V M V K	N A I M I K	sun:143	143
Quueyu	quey1238	tongue		łli⁵⁵	ɬ l i	Lli	R R V	L L I	tongue:381	381
Dhimal	dhim1246	tongue		detoŋ	d e t o ŋ	detoN	T V T V N	T E T U N	tongue:381	381
Apatari	apat1240	tongue		àljó	a l j o	alyo	V R J V	A L J U	tongue:381	381
Jirel	jire1238	tongue		če_L¹la_T¹	tʃ e l a	Cela	T V R V	T E L A	tongue:381	381
Old Chinese	oldc1244	tongue		mlat	m l a t	mlat	M R V T	M L A T	tongue:381	381
Idu	idum1241	tongue		e¹_li¹_na¹	e l i n a	elina	V R V N V	E L I N A	tongue:393	393
Lhota	loth1237	tongue		nni	n l i	nni	N R V	N L I	tongue:381	381
Lushai	lush1249	tongue		lei	l e i	lei	R V V	L E I	tongue:381	381
Lepcha	lepc1244	tongue		lí	l i	li	R V	L I	tongue:381	381
Sgaw	sgaw1245	tongue		pleː³³	p l eː	ple	P R V	P L E	tongue:381	381
Rourou	nusu1239	tongue		le⁵⁵_tæ³¹	l e t æ	letE	R V T V	L E T E	tongue:381	381
Dulong	drun1238	tongue		pɨ³¹_lai⁵³	p ɨ l a i	p3lai	P V R V V	P I L A I	tongue:381	381
Tangkul	tang1336	tongue		male	m a l e	male	M V R V	M A L E	tongue:381	381
Pa'O	paok1235	tongue		pre²²²²	p r e	pre	P R V	P R E	tongue:381	381
Kulung	kulu1253	tongue		lem	l e m	lem	R V M	L E M	tongue:393	393
Geker	geko1235	tongue		pleːi³³	p l eː i	plei	P R V V	P L E I	tongue:381	381
Ersu	ersu1241	tongue		hcɨ³³_psɨ⁵⁵	h ts ɨ p s ɨ	hT3ps3	H K V P S V	H C I P S I	tongue:381	381
Ao-Mongsen	mong1332	tongue		tɨmeli	t ɨ m e l i	t3meli	T V M V R V	T I M E L I	tongue:381	381
Sherpa	sher1255	tongue		celakHF	ts e l a k	Telak	K V R V K	C E L A K	tongue:381	381
Rawang	rawa1265	tongue		phəlɛ	pʰ ə l ɛ	ph3lE	P V R V	P E L E	tongue:381	381
Bokar	bori1243	tongue		a_yo	a y o	aio	V V V	A Y U	tongue:381	381
Hmar	hmar1241	tongue		lei	l e i	lei	R V V	L E I	tongue:381	381
Geba	geba1237	tongue		kəpli³³	k ə p l i	k3pli	K V P R V	K E P L I	tongue:381	381
Manu	manu1255	tongue		plẹ¹¹	p l ḛ	pl	P R V	P L E	tongue:381	381
Alike Tibetan	amdo1237	tongue		rći	r tsʲ i	ri	R T V	R T I	tongue:381	381
Shixing	shix1238	tongue		ṣɨ⁵⁵	ʂ ɨ	3	S V	S I	tongue:381	381
Ninglang-Naxi	naxi1245	tongue		ći³¹_mi¹³	tsʲ i m i	imi	T V M V	T I M I	tongue:381	381
Khaling	khal1275	tongue		lem_L	l e m	lem	R V M	L E M	tongue:393	393
W. Kayah	west2409	tongue		plị¹¹	p l ḭ	pl	P R V	P L I	tongue:381	381
Written Tibetan	tibe1272	tongue		lće	l tsʲ e	le	R T V	L T E	tongue:381	381
Batang Tibetan	kham1282	tongue		će⁵⁵_le⁵³	tsʲ e l e	ele	T V R V	T E L E	tongue:381	381
Gurung	guru1261	tongue		le²	l e	le	R V	L E	tongue:381	381
Lhasa Tibetan	tibe1272	tongue		će⁵⁵	tsʲ e	e	T V	T E	tongue:381	381
Garo	garo1247	tongue		sre	s r e	sre	S R V	S R E	tongue:381	381
Hill-Miri	nyis1236	tongue		ari	a r i	ari	V R V	A R I	tongue:381	381
Limbu	limb1266	tongue		lɛsoːʔl	l ɛ s oː ʔ l	lEso7l	R V S V H R	L E S U H L	tongue:393	393
Motuo-M	dakp1242	tongue		le	l e	le	R V	L E	tongue:381	381
Tujia	nort2732	tongue		ji³_la¹	j i l a	yila	J V R V	J I L A	tongue:381	381
Beijing	mand1415	tongue		shétou_śY	ʂ ə t o u	shetou	S V T V V	S E T U Y	tongue:381	381
Zhaba	zhab1238	tongue		ʃo⁵¹	ʃ o	So	S V	S U	tongue:381	381
Kaike	kaik1246	tongue		lɔi	l ɔ i	loi	R V V	L U I	tongue:381	381
Yintale	yint1235	tongue		pli¹¹	p l i	pli	P R V	P L I	tongue:381	381
Jinuo	youl1235	tongue		a³³_łɔ⁴⁴	a ɬ ɔ	aLo	V R V	A L U	tongue:381	381
Serdukpen	sher1257	tongue		laphõ	l a pʰ õ ∼	lapho	R V P V N	L A P U 9	tongue:381	381
Namuzi	namu1246	tongue		ji³³_łɛ⁵⁵	j i ɬ ɛ	yiLE	J V R V	J I L E	tongue:381	381
Xiaxe Tibetan	amdo1237	tongue		hće	h tsʲ e	he	H T V	H T E	tongue:381	381
Lüsu	lisu1250	tongue		ti⁵³_pi⁵³_EE	t i p i	tipi	T V P V	T I P I	tongue:381	381
Liangmai	lian1251	tongue		chali	tsʰ a l i	Thali	K V R V	C A L I	tongue:381	381
Dimasa	dima1251	tongue		salai	s a l a i	salai	S V R V V	S A L A I	tongue:381	381
Yeinbaw	yinb1236	tongue		plẹ¹¹	p l ḛ	pl	P R V	P L E	tongue:381	381
N-Qiang	nort2722	tongue		zəq	z ə q	z3q	S V K	S E K	tongue:381	381
Lijiang-Naxi	lich1241	tongue		ći⁵⁵	tsʲ i	i	T V	T I	tongue:381	381
Zeme	zeme1240	tongue		milei	m i l e i	milei	M V R V V	M I L E I	tongue:381	381
Jingpo	kach1280	tongue		šiŋ³¹_let³¹	ʃ i ŋ l e t	SiNlet	S V N R V T	S I N L E T	tongue:381	381
Bodo	bodo1269	tongue		salaʔj	s a l a ʔ j	sala7y	S V R V H J	S A L A H J	tongue:381	381
Fuzhou	mind1253	tongue		chui³¹_liek⁵	tsʰ u i l i e k	Thuiliek	K V V R V V K	C Y I L I E K	tongue:381	381
Burmese	nucl1310	tongue		hlja	h l j a	hlya	H R J V	H L J A	tongue:381	381
Horpa	horp1239	tongue		vlʒɛ_TIB?	v l ʒ ɛ	vlZE	W R S V	B L S E	tongue:381	381
Ao-Chungli	chon1286	tongue		temeli	t e m e l i	temeli	T V M V R V	T E M E L I	tongue:381	381
Padam	pada1257	tongue		ai-o	a i o	aio	V V V	A I U	tongue:381	381
Bola	pela1242	tongue		ʃa⁵⁵	ʃ a	Sa	S V	S A	tongue:381	381
Guiqiong	guiq1238	tongue		ʒ̣ɨ³⁵	ʒ ɨ	Z3	S V	S I	tongue:381	381
Quueyu	quey1238	tree		se⁵⁵	s e	se	S V	S E	tree:303	303
Dhimal	dhim1246	tree		sute	s u t e	sute	S V T V	S Y T E	tree:303	303
Apatari	apat1240	tree		sànɨ	s a n ɨ	san3	S V N V	S A N I	tree:303	303
Jirel	jire1238	tree		doŋ_L²bo_L¹	d o ŋ b o	doNbo	T V N P V	T U N P U	tree:129	129
Old Chinese	oldc1244	tree		mhōk	mʰ oː k	mhok	M V K	M U K	tree:807	807
Idu	idum1241	tree		ma¹_seŋ¹_boŋ	m a s e ŋ b o ŋ	maseNboN	M V S V N P V N	M A S E N P U N	tree:303	303
Lhota	loth1237	tree		oːtoːŋ	oː t oː ŋ	otoN	V T V N	U T U N	tree:129	129
Lushai	lush1249	tree		thiŋ	tʰ i ŋ	thiN	T V N	T I N	tree:303	303
Lepcha	lepc1244	tree		kuŋ	k u ŋ	kuN	K V N	K Y N	tree:559	559
Sgaw	sgaw1245	tree		ṭẽʔ⁵³	ʈ ẽ ∼ ʔ	e7	T V N H	T E 9 H	tree:303	303
Rourou	nusu1239	tree		sæ⁴²_cẽ³³	s æ ts ẽ ∼	sETe	S V K V N	S E C E 9	tree:303	303
Dulong	drun1238	tree		śiːŋ⁵⁵	sʲ iː ŋ	iN	S V N	S I N	tree:303	303
Tangkul	tang1336	tree		thiŋroŋ	tʰ i ŋ r o ŋ	thiNroN	T V N R V N	T I N R U N	tree:303	303
Pa'O	paok1235	tree		seŋ⁴⁴⁵⁵_mɨ⁵⁵	s e ŋ m ɨ	seNm3	S V N M V	S E N M I	tree:303	303
Kulung	kulu1253	tree		siːchɔ	s iː tsʰ ɔ	siTho	S V K V	S I C U	tree:303	303
Geker	geko1235	tree		ṭəɨʔ⁵³	ʈ ə ɨ ʔ	337	T V V H	T E I H	tree:303	303
Ersu	ersu1241	tree		si⁵⁵_pu⁵⁵	s i p u	sipu	S V P V	S I P Y	tree:605	605
Ao-Mongsen	mong1332	tree		asuŋ	a s u ŋ	asuN	V S V N	A S Y N	tree:303	303
Sherpa	sher1255	tree		doŋbu_LF	d o ŋ b u	doNbu	T V N P V	T U N P Y	tree:129	129
Rawang	rawa1265	tree		šiŋ	ʃ i ŋ	SiN	S V N	S I N	tree:303	303
Bokar	bori1243	tree		ɨ_šɨŋ	ɨ ʃ ɨ ŋ	3S3N	V S V N	I S I N	tree:303	303
Hmar	hmar1241	tree		thiŋ	tʰ i ŋ	thiN	T V N	T I N	tree:303	303
Nusu	nusu1239	tree		si⁵³_ʒə̃³⁵_a	s i ʒ ə̃ ∼ a	siZ3a	S V S V N V	S I S E 9 A	tree:303	303
Geba	geba1237	tree		ṭoʔ⁵³	ʈ o ʔ	o7	T V H	T U H	tree:303	303
Manu	manu1255	tree		sø⁴⁴⁵⁵	s ø	se	S V	S U	tree:303	303
Alike Tibetan	amdo1237	tree		ɣdoŋ_ŋo	ɣ d o ŋ ŋ o	xdoNNo	K T V N N V	G T U N N U	tree:129	129
Shixing	shix1238	tree		sa⁵⁵_zə̃⁵⁵	s a z ə̃ ∼	saz3	S V S V N	S A S E 9	tree:303	303
Ninglang-Naxi	naxi1245	tree		sɨ⁵⁵_ʒɨ³³	s ɨ ʒ ɨ	s3Z3	S V S V	S I S I	tree:303	303
Khaling	khal1275	tree		saŋ_L	s a ŋ	saN	S V N	S A N	tree:303	303
W. Kayah	west2409	tree		ćɔ¹¹	tsʲ ɔ	o	T V	T U	tree:303	303
Written Tibetan	tibe1272	tree		śiŋ_sdoŋ	sʲ i ŋ s d o ŋ	iNsdoN	S V N S T V N	S I N S T U N	tree:303	303
Batang Tibetan	kham1282	tree		xĩ⁵⁵_phũ⁵⁵	x ĩ ∼ pʰ ũ ∼	xiph	K V N P V N	G I 9 P Y 9	tree:303	303
Gurung	guru1261	tree		dũ⁴__TIB	d ũ ∼	d	T V N	T Y 9	tree:78	78
Lhasa Tibetan	tibe1272	tree		śiŋ⁵³_tuŋ⁵⁵	sʲ i ŋ t u ŋ	iNtuN	S V N T V N	S I N T Y N	tree:303	303
Garo	garo1247	tree		bol	b o l	bol	P V R	P U L	tree:1357	1357
Hill-Miri	nyis1236	tree		sən	s ə n	s3n	S V N	S E N	tree:303	303
Limbu	limb1266	tree		siNboːN	s i b oː	sibo	S V P V	S I P U	tree:303	303
Hakka	hakk1236	tree		su⁴-ui³	s u u i	suui	S V V V	S Y Y I	tree:1317	1317
Motuo-M	dakp1242	tree		śiŋ	sʲ i ŋ	iN	S V N	S I N	tree:303	303
Tujia	nort2732	tree		kha⁴_moŋ⁴	kʰ a m o ŋ	khamoN	K V M V N	K A M U N	tree:807	807
Beijing	mand1415	tree		shù	sʰ u	shu	S V	S Y	tree:1317	1317
Zhaba	zhab1238	tree		sik⁵⁵	s i k	sik	S V K	S I K	tree:303	303
Kaike	kaik1246	tree		ṭɔŋpu	ʈ ɔ ŋ p u	oNpu	T V N P V	T U N P Y	tree:129	129
Yintale	yint1235	tree		sein¹³	s e i n	sein	S V V N	S E I N	tree:303	303
Jinuo	youl1235	tree		a³³_cə⁴⁴	a ts ə	aT3	V K V	A C E	tree:303	303
Serdukpen	sher1257	tree		hiŋ-thuŋ	h i ŋ tʰ u ŋ	hiNthuN	H V N T V N	H I N T Y N	tree:303	303
Namuzi	namu1246	tree		sɨ³³_po⁵⁵	s ɨ p o	s3po	S V P V	S I P U	tree:605	605
Xiaxe Tibetan	amdo1237	tree		doŋ_wo	d o ŋ w o	doNwo	T V N W V	T U N W U	tree:129	129
Lüsu	lisu1250	tree		se³³_pu⁵³	s e p u	sepu	S V P V	S E P Y	tree:605	605
Liangmai	lian1251	tree		šiŋbaŋ	ʃ i ŋ b a ŋ	SiNbaN	S V N P V N	S I N P A N	tree:303	303
Dimasa	dima1251	tree		bophaŋ	b o pʰ a ŋ	bophaN	P V P V N	P U P A N	tree:605	605
Yeinbaw	yinb1236	tree		θɨ̃¹¹_mɨ¹¹	θ ɨ̃ ∼ m ɨ	83m3	T V N M V	D I 9 M I	tree:303	303
N-Qiang	nort2722	tree		phəq	pʰ ə q	ph3q	P V K	P E K	tree:605	605
Lijiang-Naxi	lich1241	tree		nʒər³¹	n ʒ ə r	nZ3r	N S V R	N S E R	tree:303	303
Zeme	zeme1240	tree		hiŋbaŋ	h i ŋ b a ŋ	hiNbaN	H V N P V N	H I N P A N	tree:303	303
Jingpo	kach1280	tree		phun⁵⁵	pʰ u n	phun	P V N	P Y N	tree:1357	1357
Bodo	bodo1269	tree		bompaŋ	b o m p a ŋ	bompaN	P V M P V N	P U M P A N	tree:605	605
Fuzhou	mind1253	tree		chiu³¹	tsʰ i u	Thiu	K V V	C I Y	tree:1317	1317
Burmese	nucl1310	tree		sac_paŋ	s a ts p a ŋ	saTpaN	S V K P V N	S A C P A N	tree:303	303
Horpa	horp1239	tree		lə_phu	l ə pʰ u	l3phu	R V P V	L E P Y	tree:605	605
Ao-Chungli	chon1286	tree		sɨŋdoŋ	s ɨ ŋ d o ŋ	s3NdoN	S V N T V N	S I N T U N	tree:303	303
Padam	pada1257	tree		ə-šiŋ	ə ʃ i ŋ	3SiN	V S V N	E S I N	tree:303	303
Bola	pela1242	tree		sak⁵⁵	s a k	sak	S V K	S A K	tree:303	303
Guiqiong	guiq1238	tree		sɛ̃³³_po⁵³	s ɛ̃ ∼ p o	sEpo	S V N P V	S E 9 P U	tree:605	605
Idu	idum1241	tree		ma¹_seŋ¹_boŋ	m a s e ŋ b o ŋ	maseNboN	M V S V N P V N	M A S E N P U N	tree:605	605
Rourou	nusu1239	tree		sæ⁴²_cẽ³³	s æ ts ẽ ∼	sETe	S V K V N	S E C E 9	tree:1007	1007
Pa'O	paok1235	tree		seŋ⁴⁴⁵⁵_mɨ⁵⁵	s e ŋ m ɨ	seNm3	S V N M V	S E N M I	tree:807	807
Ersu	ersu1241	tree		si⁵⁵_pu⁵⁵	s i p u	sipu	S V P V	S I P Y	tree:303	303
Ao-Mongsen	mong1332	tree		asuŋ	a s u ŋ	asuN	V S V N	A S Y N	tree:129	129
Nusu	nusu1239	tree		si⁵³_ʒə̃³⁵_a	s i ʒ ə̃ ∼ a	siZ3a	S V S V N V	S I S E 9 A	tree:1007	1007
Written Tibetan	tibe1272	tree		śiŋ_sdoŋ	sʲ i ŋ s d o ŋ	iNsdoN	S V N S T V N	S I N S T U N	tree:129	129
Lhasa Tibetan	tibe1272	tree		śiŋ⁵³_tuŋ⁵⁵	sʲ i ŋ t u ŋ	iNtuN	S V N T V N	S I N T Y N	tree:129	129
Limbu	limb1266	tree		siNboːN	s i b oː	sibo	S V P V	S I P U	tree:605	605
Namuzi	namu1246	tree		sɨ³³_po⁵⁵	s ɨ p o	s3po	S V P V	S I P U	tree:303	303
Lüsu	lisu1250	tree		se³³_pu⁵³	s e p u	sepu	S V P V	S E P Y	tree:303	303
Liangmai	lian1251	tree		šiŋbaŋ	ʃ i ŋ b a ŋ	SiNbaN	S V N P V N	S I N P A N	tree:605	605
Yeinbaw	yinb1236	tree		θɨ̃¹¹_mɨ¹¹	θ ɨ̃ ∼ m ɨ	83m3	T V N M V	D I 9 M I	tree:807	807
Zeme	zeme1240	tree		hiŋbaŋ	h i ŋ b a ŋ	hiNbaN	H V N P V N	H I N P A N	tree:605	605
Bodo	bodo1269	tree		bompaŋ	b o m p a ŋ	bompaN	P V M P V N	P U M P A N	tree:1357	1357
Burmese	nucl1310	tree		sac_paŋ	s a ts p a ŋ	saTpaN	S V K P V N	S A C P A N	tree:605	605
Ao-Chungli	chon1286	tree		sɨŋdoŋ	s ɨ ŋ d o ŋ	s3NdoN	S V N T V N	S I N T U N	tree:129	129
Guiqiong	guiq1238	tree		sɛ̃³³_po⁵³	s ɛ̃ ∼ p o	sEpo	S V N P V	S E 9 P U	tree:303	303
Quueyu	quey1238	warm		ły⁵⁵_ły³³	ɬ y ɬ y	LiLi	R V R V	L Y L Y	warm:422	422
Dhimal	dhim1246	warm		boboka	b o b o k a	boboka	P V P V K V	P U P U K A	warm:1125	1125
Apatari	apat1240	warm		gùbú	g u b u	gubu	K V P V	K Y P Y	warm:1290	1290
Jirel	jire1238	warm		ṭhom_L¹mu_L¹_E	ʈ h o m m u	hommu	T H V M M V	T H U M M Y	warm:1010	1010
Old Chinese	oldc1244	warm		ʔūn	ʔ uː n	7n	H V N	H Y N	warm:1320	1320
Idu	idum1241	warm		loŋ²	l o ŋ	loN	R V N	L U N	warm:422	422
Lhota	loth1237	warm		elama	e l a m a	elama	V R V M V	E L A M A	warm:422	422
Lushai	lush1249	warm		lum	l u m	lum	R V M	L Y M	warm:422	422
Lepcha	lepc1244	warm		ă	a		V	A	warm:1220	1220
Sgaw	sgaw1245	warm		k̯o⁴⁴_lə³³	kʲ o l ə	kol3	K V R V	K U L E	warm:422	422
Rourou	nusu1239	warm		læ³³	l æ	lE	R V	L E	warm:422	422
Dulong	drun1238	warm		lɨm⁵³	l ɨ m	l3m	R V M	L I M	warm:422	422
Pa'O	paok1235	warm		lom²²²²	l o m	lom	R V M	L U M	warm:422	422
Geker	geko1235	warm		k̯əɨʔ⁵³_la²²	kʲ ə ɨ ʔ l a	k337la	K V V H R V	K E I H L A	warm:422	422
Ersu	ersu1241	warm		cha⁵⁵_cha⁵⁵	tsʰ a tsʰ a	ThaTha	K V K V	C A C A	warm:176	176
Sherpa	sher1255	warm		chandi_LR	tsʰ a n d i	Thandi	K V N T V	C A N T I	warm:1446	1446
Rawang	rawa1265	warm		lim	l i m	lim	R V M	L I M	warm:422	422
Bokar	bori1243	warm		yiː_po	y iː p o	iipo	V V P V	Y I P U	warm:1090	1090
Hmar	hmar1241	warm		lum	l u m	lum	R V M	L Y M	warm:422	422
Nusu	nusu1239	warm		lɔ³⁵_ńɛr³⁵	l ɔ nʲ ɛ r	lonEr	R V N V R	L U N E R	warm:422	422
Geba	geba1237	warm		ʔək̯o²²_k̯o²²	ʔ ə kʲ o kʲ o	73koko	H V K V K V	H E K U K U	warm:422	422
Manu	manu1255	warm		lạ¹¹	l a̰	l	R V	L A	warm:422	422
Alike Tibetan	amdo1237	warm		ćo_ɣə	tsʲ o ɣ ə	ox3	T V K V	T U G E	warm:1010	1010
Shixing	shix1238	warm		ji⁵⁵	j i	yi	J V	J I	warm:1011	1011
Ninglang-Naxi	naxi1245	warm		chɨ³³	tsʰ ɨ	Th3	K V	C I	warm:176	176
Khaling	khal1275	warm		hɔynpɛ_L	h ɔ y n p ɛ	hoinpE	H V V N P V	H U Y N P E	warm:1134	1134
W. Kayah	west2409	warm		lẹ¹¹	l ḛ	l	R V	L E	warm:422	422
Written Tibetan	tibe1272	warm		dron__po	d r o n p o	dronpo	T R V N P V	T R U N P U	warm:1446	1446
Batang Tibetan	kham1282	warm		ćo¹³_bo⁵³	tsʲ o b o	obo	T V P V	T U P U	warm:1010	1010
Gurung	guru1261	warm		laː¹-la	l aː l a	lala	R V R V	L A L A	warm:422	422
Lhasa Tibetan	tibe1272	warm		ćho¹³_po⁵⁵	tsʲʰ o p o	hopo	T V P V	T U P U	warm:1010	1010
Garo	garo1247	warm		diŋ-a	d i ŋ a	diNa	T V N V	T I N A	warm:1029	1029
Hill-Miri	nyis1236	warm		og	o g	og	V K	U K	warm:1290	1290
Limbu	limb1266	warm		mɔkmaʔ	m ɔ k m a ʔ	mokma7	M V K M V H	M U K M A H	warm:1160	1160
Hakka	hakk1236	warm		non¹	n o n	non	N V N	N U N	warm:811	811
Motuo-M	dakp1242	warm		gom_bo	g o m b o	gombo	K V M P V	K U M P U	warm:1290	1290
Tujia	nort2732	warm		lo¹_xo¹_xui¹	l o x o x u i	loxoxui	R V K V K V V	L U G U G Y I	warm:422	422
Beijing	mand1415	warm		nuǎnxuo	n u a n x u o	nuanxuo	N V V N K V V	N Y A N G Y U	warm:811	811
Zhaba	zhab1238	warm		lum⁵⁵	l u m	lum	R V M	L Y M	warm:422	422
Kaike	kaik1246	warm		mhummɔ	mʰ u m m ɔ	mhummo	M V M M V	M Y M M U	warm:1160	1160
Yintale	yint1235	warm		la¹¹	l a	la	R V	L A	warm:422	422
Jinuo	youl1235	warm		ło⁴²_khə⁴²	ɬ o kʰ ə	Lokh3	R V K V	L U K E	warm:422	422
Xiaxe Tibetan	amdo1237	warm		ćo_mbo	tsʲ o m b o	ombo	T V M P V	T U M P U	warm:1010	1010
Lüsu	lisu1250	warm		mæ³³nphi⁵⁵_m	m æ n pʰ i m	mEnphim	M V N P V M	M E N P I M	warm:176	176
Yeinbaw	yinb1236	warm		lạ³³	l a̰	l	R V	L A	warm:422	422
N-Qiang	nort2722	warm		ṣća_lə	ʂ tsʲ a l ə	al3	S T V R V	S T A L E	warm:176	176
Lijiang-Naxi	lich1241	warm		lv³¹_fv⁵⁵	l v f v	lvfv	R W P W	L B B B	warm:422	422
Jingpo	kach1280	warm		lum³³	l u m	lum	R V M	L Y M	warm:422	422
Bodo	bodo1269	warm		duŋloʔb	d u ŋ l o ʔ b	duNlo7b	T V N R V H P	T Y N L U H P	warm:1029	1029
Fuzhou	mind1253	warm		nuoŋ³³_xuo⁵²	n u o ŋ x u o	nuoNxuo	N V V N K V V	N Y U N G Y U	warm:811	811
Burmese	nucl1310	warm		nweː	n w eː	nwe	N W V	N W E	warm:811	811
Horpa	horp1239	warm		xcɛ	x ts ɛ	xTE	K K V	G C E	warm:176	176
Padam	pada1257	warm		i-ga	i g a	iga	V K V	I K A	warm:1290	1290
Bola	pela1242	warm		lam⁵⁵	l a m	lam	R V M	L A M	warm:422	422
Guiqiong	guiq1238	warm		jo³⁵	j o	yo	J V	J U	warm:1011	1011
Quueyu	quey1238	we		ŋɛ_ńɨ	ŋ ɛ nʲ ɨ	NEn3	N V N V	N E N I	we:616	616
Dhimal	dhim1246	we		ŋ¹_ću³	ŋ tsʲ u	Nu	N T V	N T Y	we:616	616
Apatari	apat1240	we		ŋolu	ŋ o l u	Nolu	N V R V	N U L Y	we:616	616
Jirel	jire1238	we		ŋyokon_LF	ŋ y o k o n	Niokon	N V V K V N	N Y U K U N	we:616	616
Old Chinese	oldc1244	we		ŋhājʔ	ŋʰ aː j ʔ	Nhay7	N V J H	N A J H	we:616	616
Idu	idum1241	we		ŋa-ŋi	ŋ a ŋ i	NaNi	N V N V	N A N I	we:616	616
Lhota	loth1237	we		hiri	h i r i	hiri	H V R V	H I R I	we:770	770
Lushai	lush1249	we		kanmah	k a n m a h	kanmah	K V N M V H	K A N M A H	we:616	616
Lepcha	lepc1244	we		kin¹	k i n	kin	K V N	K I N	we:616	616
Sgaw	sgaw1245	we		p̯əwe⁴⁴	p̯ ə w e	p3we	P V W V	P E W E	we:1016	1016
Rourou	nusu1239	we		ŋa³⁵_dɨ³¹	ŋ a d ɨ	Nad3	N V T V	N A T I	we:616	616
Dulong	drun1238	we		qa³¹_thya⁵⁵	q a tʰ y a	qathia	K V T V V	K A T Y A	we:812	812
Tangkul	tang1336	we		enni	e n l i	enni	V N R V	E N L I	we:616	616
Pa'O	paok1235	we		ni⁴⁴²²	n i	ni	N V	N I	we:616	616
Kulung	kulu1253	we		ok_L	o k	ok	V K	U K	we:616	616
Geker	geko1235	we		p̯aː³³	p̯ aː	pa	P V	P A	we:1242	1242
Ersu	ersu1241	we		an⁵⁵_the³³	a n tʰ e	anthe	V N T V	A N T E	we:812	812
Ao-Mongsen	mong1332	we		akhrumei	a kʰ r u m e i	akhrumei	V K R V M V V	A K R Y M E I	we:1433	1433
Sherpa	sher1255	we		ŋa³⁵_raʔ⁵³	ŋ a r a ʔ	Nara7	N V R V H	N A R A H	we:616	616
Rawang	rawa1265	we		iŋ⁵⁵	i ŋ	iN	V N	I N	we:616	616
Bokar	bori1243	we		ŋul	ŋ u l	Nul	N V R	N Y L	we:616	616
Hmar	hmar1241	we		eiuh	e i u h	eiuh	V V V H	E I Y H	we:770	770
Nusu	nusu1239	we		a³¹_źɨ³³	a zʲ ɨ	a3	V S V	A S I	we:770	770
Geba	geba1237	we		p̯wa³³	p̯ w a	pwa	P W V	P W A	we:1242	1242
Manu	manu1255	we		pạ¹¹	p a̰	p	P V	P A	we:1242	1242
Alike Tibetan	amdo1237	we		ŋu_L²ruŋ_T¹	ŋ u r u ŋ	NuruN	N V R V N	N Y R Y N	we:616	616
Shixing	shix1238	we		ŋa⁵⁵_χo³³	ŋ a χ o	NaGo	N V K V	N A G U	we:1013	1013
Ninglang-Naxi	naxi1245	we		ŋa⁵⁵_vu³³	ŋ a v u	Navu	N V W V	N A B Y	we:1016	1016
Khaling	khal1275	we		iŋki	i ŋ k i	iNki	V N K V	I N K I	we:616	616
W. Kayah	west2409	we		pɛ̣¹¹	p ɛ̰	pE	P V	P E	we:1242	1242
Written Tibetan	tibe1272	we		ŋa¹³_cho⁵⁵	ŋ a tsʰ o	NaTho	N V K V	N A C U	we:616	616
Batang Tibetan	kham1282	we		ʔo_ćho	ʔ o tsʲʰ o	7oho	H V T V	H U T U	we:616	616
Gurung	guru1261	we		ńiː¹	nʲ iː	ni	N V	N I	we:770	770
Lhasa Tibetan	tibe1272	we		ŋöy¹³	ŋ ö y	Ni	N V V	N U Y	we:616	616
Garo	garo1247	we		ciŋ	ts i ŋ	TiN	K V N	C I N	we:765	765
Hill-Miri	nyis1236	we		ŋoːlu	ŋ oː l u	Nolu	N V R V	N U L Y	we:616	616
Limbu	limb1266	we		kaniŋ	k a n i ŋ	kaniN	K V N V N	K A N I N	we:616	616
Hakka	hakk1236	we		ŋai²_deu²	ŋ a i d e u	Naideu	N V V T V V	N A I T E Y	we:616	616
Motuo-M	dakp1242	we		goA_pukiA	g o p u k i	gopuki	K V P V K V	K U P Y K I	we:616	616
Tujia	nort2732	we		ka-yu	k a y u	kaiu	K V V V	K A Y Y	we:616	616
Beijing	mand1415	we		wǒmen	w o m e n	wmen	W V M V N	W U M E N	we:616	616
Zhaba	zhab1238	we		ŋɔ⁵⁵_tuʔ³¹	ŋ ɔ t u ʔ	Notu7	N V T V H	N U T Y H	we:812	812
Kaike	kaik1246	we		ŋa_tui	ŋ a t u i	Natui	N V T V V	N A T Y I	we:812	812
Yintale	yint1235	we		hɛ⁵⁵_thɔ⁵⁵_ph	h ɛ tʰ ɔ pʰ	hEthoph	H V T V P	H E T U P	we:1242	1242
Jinuo	youl1235	we		ŋo³³_pe³³	ŋ o p e	Nope	N V P V	N U P E	we:616	616
Serdukpen	sher1257	we		gə¹_ɣəń¹	g ə ɣ ə nʲ	g3x3n	K V K V N	K E G E N	we:616	616
Namuzi	namu1246	we		ŋɔ³³_zi⁵⁵	ŋ ɔ z i	Nozi	N V S V	N U S I	we:884	884
Xiaxe Tibetan	amdo1237	we		ŋə_ćho	ŋ ə tsʲʰ o	N3ho	N V T V	N E T U	we:616	616
Lüsu	lisu1250	we		ŋa³³_chə³¹_T	ŋ a tsʰ ə	NaTh3	N V K V	N A C E	we:79	79
Dimasa	dima1251	we		ciŋa	ts i ŋ a	TiNa	K V N V	C I N A	we:765	765
Yeinbaw	yinb1236	we		pṿ¹¹	p v̩	p	P W	P B	we:1242	1242
N-Qiang	nort2722	we		ŋɨ⁵⁵_ŋɨ⁵³	ŋ ɨ ŋ ɨ	N3N3	N V N V	N I N I	we:616	616
Lijiang-Naxi	lich1241	we		ńə³³_sɨ³³_kv	nʲ ə s ɨ k v	n3s3kv	N V S V K W	N E S I K B	we:616	616
Zeme	zeme1240	we		aliu	a l i u	aliu	V R V V	A L I Y	we:1332	1332
Jingpo	kach1280	we		eikhoi	e i kʰ o i	eikhoi	V V K V V	E I K U I	we:770	770
Bodo	bodo1269	we		ʒinisi	ʒ i n i s i	Zinisi	S V N V S V	S I N I S I	we:765	765
Fuzhou	mind1253	we		ŋuai⁵⁵	ŋ u a i	Nuai	N V V V	N Y A I	we:616	616
Burmese	nucl1310	we		ŋɔ̆³¹_na̲uŋ⁵⁵	ŋ ɔ̆ n a̰ u ŋ	NonauN	N V N V V N	N U N A Y N	we:616	616
Horpa	horp1239	we		ŋâ⁵⁵_rɛ̃⁵⁵	ŋ a r ɛ̃ ∼	NarE	N V R V N	N A R E 9	we:884	884
Ao-Chungli	chon1286	we		ikhala	i kʰ a l a	ikhala	V K V R V	I K A L A	we:770	770
Bola	pela1242	we		ŋa³³_dɨ³¹	ŋ a d ɨ	Nad3	N V T V	N A T I	we:812	812
Guiqiong	guiq1238	we		a⁵⁵_rɨ⁵⁵	a r ɨ	ar3	V R V	A R I	we:884	884
Apatari	apat1240	we		ŋúnu	ŋ u n u	Nunu	N V N V	N Y N Y	we:1332	1332
Jirel	jire1238	we		ŋu_L²ruŋ_T¹	ŋ u r u ŋ	NuruN	N V R V N	N Y R Y N	we:1433	1433
Old Chinese	oldc1244	we		Ła	ł a	a	R V	L A	we:1332	1332
Ersu	ersu1241	we		a⁵⁵_rɨ⁵⁵	a r ɨ	ar3	V R V	A R I	we:770	770
Ao-Mongsen	mong1332	we		ikhala	i kʰ a l a	ikhala	V K V R V	I K A L A	we:1332	1332
Sherpa	sher1255	we		ŋyokon_LF	ŋ y o k o n	Niokon	N V V K V N	N Y U K U N	we:1014	1014
Bokar	bori1243	we		ŋoːlu	ŋ oː l u	Nolu	N V R V	N U L Y	we:1332	1332
Alike Tibetan	amdo1237	we		ŋə_ćho	ŋ ə tsʲʰ o	N3ho	N V T V	N E T U	we:1012	1012
Shixing	shix1238	we		ŋâ⁵⁵_rɛ̃⁵⁵	ŋ a r ɛ̃ ∼	NarE	N V R V N	N A R E 9	we:616	616
Written Tibetan	tibe1272	we		ŋa_cho	ŋ a tsʰ o	NaTho	N V K V	N A C U	we:1012	1012
Lhasa Tibetan	tibe1272	we		ŋa¹³_cho⁵⁵	ŋ a tsʰ o	NaTho	N V K V	N A C U	we:1012	1012
Hill-Miri	nyis1236	we		ŋu-lu	ŋ u l u	Nulu	N V R V	N Y L Y	we:1332	1332
Zhaba	zhab1238	we		ŋa⁵⁵_moʔ⁵⁵	ŋ a m o ʔ	Namo7	N V M V H	N A M U H	we:616	616
Jinuo	youl1235	we		ŋa⁵⁵_vu³³	ŋ a v u	Navu	N V W V	N A B Y	we:616	616
Namuzi	namu1246	we		ŋa⁵⁵_χo³³	ŋ a χ o	NaGo	N V K V	N A G U	we:616	616
Xiaxe Tibetan	amdo1237	we		ʔo_ćho	ʔ o tsʲʰ o	7oho	H V T V	H U T U	we:1012	1012
Lüsu	lisu1250	we		an⁵⁵_the³³	a n tʰ e	anthe	V N T V	A N T E	we:770	770
N-Qiang	nort2722	we		cə_χa	ts ə χ a	T3Ga	K V K V	C E G A	we:765	765
Burmese	nucl1310	we		ŋa_tui	ŋ a t u i	Natui	N V T V V	N A T Y I	we:616	616
Padam	pada1257	we		ŋo-lu	ŋ o l u	Nolu	N V R V	N U L Y	we:1332	1332
Bola	pela1242	we		ŋă⁵⁵_maʔ³¹	ŋ a m a ʔ	Nma7	N V M V H	N A M A H	we:616	616
Guiqiong	guiq1238	we		ŋɔ³³_zi⁵⁵	ŋ ɔ z i	Nozi	N V S V	N U S I	we:616	616
Quueyu	quey1238	yellow		śa⁵⁵_qo³³_qo	sʲ a q o q o	aqoqo	S V K V K V	S A K U K U	yellow:312	312
Dhimal	dhim1246	yellow		pe-po	p e p o	pepo	P V P V	P E P U	yellow:1209	1209
Apatari	apat1240	yellow		šɨr_pu_TIB	ʃ ɨ r p u	S3rpu	S V R P V	S I R P Y	yellow:81	81
Jirel	jire1238	yellow		ser_bo	s e r b o	serbo	S V R P V	S E R P U	yellow:312	312
Old Chinese	oldc1244	yellow		ghʷāŋ_?	gʷʰ aː ŋ	ghw~aN	K V N	K A N	yellow:669	669
Lushai	lush1249	yellow		eŋ	e ŋ	eN	V N	E N	yellow:669	669
Lepcha	lepc1244	yellow		aha	a h a	aha	V H V	A H A	yellow:669	669
Sgaw	sgaw1245	yellow		wan⁴_ka¹_la¹	w a n k a l a	wankala	W V N K V R V	W A N K A L A	yellow:669	669
Rourou	nusu1239	yellow		phaŋ	pʰ a ŋ	phaN	P V N	P A N	yellow:1344	1344
Dulong	drun1238	yellow		nɨ̲⁵⁵_nɨ̲³³	n ɨ n ɨ	n3n3	N V N V	N I N I	yellow:818	818
Tangkul	tang1336	yellow		hoŋhi	h o ŋʰ i	hoNhi	H V N V	H U N I	yellow:669	669
Pa'O	paok1235	yellow		bã¹¹	b ã ∼	ba	P V N	P A 9	yellow:1344	1344
Kulung	kulu1253	yellow		ɔm	ɔ m	om	V M	U M	yellow:669	669
Geker	geko1235	yellow		ʔa¹¹_baŋ³⁵	ʔ a b a ŋ	7abaN	H V P V N	H A P A N	yellow:1344	1344
Ersu	ersu1241	yellow		ksər_po_TIB	k s ə r p o	ks3rpo	K S V R P V	K S E R P U	yellow:82	82
Ao-Mongsen	mong1332	yellow		kɨmɨhɨ	k ɨ m ɨ h ɨ	k3m3h3	K V M V H V	K I M I H I	yellow:669	669
Sherpa	sher1255	yellow		hawA	h a w	haw	H V W	H A W	yellow:669	669
Rawang	rawa1265	yellow		χa	χ a	Ga	K V	G A	yellow:669	669
Bokar	bori1243	yellow		yaniŋ	y a n i ŋ	ianiN	V V N V N	Y A N I N	yellow:818	818
Hmar	hmar1241	yellow		ur¹	u r	ur	V R	Y R	yellow:1209	1209
Nusu	nusu1239	yellow		mar⁵³	m a r	mar	M V R	M A R	yellow:1553	1553
Geba	geba1237	yellow		bvɨ̃⁴⁴	b v ɨ̃ ∼	bv3	P W V N	P B I 9	yellow:1344	1344
Manu	manu1255	yellow		ʔəb̄ɔ⁴⁴	ʔ ə b̄ ɔ	73bo	H V P V	H E P U	yellow:1344	1344
Alike Tibetan	amdo1237	yellow		si⁵⁵_ru⁵³	s i r u	siru	S V R V	S I R Y	yellow:312	312
Shixing	shix1238	yellow		ṣu⁵⁵	ʂ u	u	S V	S Y	yellow:312	312
Ninglang-Naxi	naxi1245	yellow		ńhe³⁵	nʲʰ e	nhe	N V	N E	yellow:818	818
Khaling	khal1275	yellow		peːswarajikpa	p eː s w a r a j i k p a	peswarayikpa	P V S W V R V J V K P V	P E S W A R A J I K P A	yellow:83	83
W. Kayah	west2409	yellow		a³¹_bɔ̲⁵⁵	a b ɔ̰	abo	V P V	A P U	yellow:1344	1344
Written Tibetan	tibe1272	yellow		she_ro	sʰ e r o	shero	S V R V	S E R U	yellow:312	312
Batang Tibetan	kham1282	yellow		ser_L¹mu_T¹	s e r m u	sermu	S V R M V	S E R M Y	yellow:312	312
Gurung	guru1261	yellow		chwɔrmɔ	tsʰ w ɔ r m ɔ	Thwormo	K W V R M V	C W U R M U	yellow:162	162
Lhasa Tibetan	tibe1272	yellow		ser_ro	s e r r o	serro	S V R R V	S E R R U	yellow:312	312
Garo	garo1247	yellow		ńanpu	nʲ a n p u	nanpu	N V N P V	N A N P Y	yellow:818	818
Limbu	limb1266	yellow		min¹	m i n	min	M V N	M I N	yellow:1553	1553
Hakka	hakk1236	yellow		báŋ	b a ŋ	baN	P V N	P A N	yellow:1344	1344
Motuo-M	dakp1242	yellow		öːm_L	öː m	m	V M	U M	yellow:669	669
Tujia	nort2732	yellow		pīg	p iː g	pig	P V K	P I K	yellow:1169	1169
Beijing	mand1415	yellow		uoŋ⁵²	u o ŋ	uoN	V V N	Y U N	yellow:669	669
Zhaba	zhab1238	yellow		ŋju̲ŋ⁵⁵	ŋ j u ŋ	NyuN	N J V N	N J Y N	yellow:85	85
Kaike	kaik1246	yellow		xui⁵¹	x u i	xui	K V V	G Y I	yellow:312	312
Yintale	yint1235	yellow		ʔəb̄ɔʔ⁵³_bɔʔ⁵	ʔ ə b̄ ɔ ʔ b ɔ ʔ	73bo7bo7	H V P V H P V H	H E P U H P U H	yellow:1344	1344
Jinuo	youl1235	yellow		ćɨ⁵⁵_pɨ³¹_ś	tsʲ ɨ p ɨ sʲ	3p3	T V P V S	T I P I S	yellow:335	335
Serdukpen	sher1257	yellow		ser_po	s e r p o	serpo	S V R P V	S E R P U	yellow:312	312
Namuzi	namu1246	yellow		de³³_ṣü⁵³	d e ʂ y	de	T V S V	T E S Y	yellow:312	312
Xiaxe Tibetan	amdo1237	yellow		serwuHR	s e r w u	serwu	S V R W V	S E R W Y	yellow:312	312
Liangmai	lian1251	yellow		nʒinmei	n ʒ i n m e i	nZinmei	N S V N M V V	N S I N M E I	yellow:236	236
Dimasa	dima1251	yellow		ńàn	nʲ a n		N V N	N A N	yellow:818	818
Yeinbaw	yinb1236	yellow		bɔ¹¹	b ɔ	bo	P V	P U	yellow:1344	1344
N-Qiang	nort2722	yellow		ɣã¹³	ɣ ã ∼	xa	K V N	G A 9	yellow:669	669
Lijiang-Naxi	lich1241	yellow		yi⁵⁵	y i	ii	V V	Y I	yellow:818	818
Zeme	zeme1240	yellow		wuluŋba	w u l u ŋ b a	wuluNba	W V R V N P V	W Y L Y N P A	yellow:459	459
Jingpo	kach1280	yellow		aone	a o n e	aone	V V N V	A U N E	yellow:818	818
Bodo	bodo1269	yellow		bai-a	b a i a	baia	P V V V	P A I A	yellow:1028	1028
Fuzhou	mind1253	yellow		ʔəb̄a⁴⁴	ʔ ə b̄ a	73ba	H V P V	H E P A	yellow:1344	1344
Burmese	nucl1310	yellow		ləŋ³⁵	l ə ŋ	l3N	R V N	L E N	yellow:86	86
Horpa	horp1239	yellow		u⁵⁵_ṣa⁵⁵	u ʂ a	ua	V S V	Y S A	yellow:312	312
Ao-Chungli	chon1286	yellow		mezɨ	m e z ɨ	mez3	M V S V	M E S I	yellow:236	236
Padam	pada1257	yellow		popo	p o p o	popo	P V P V	P U P U	yellow:1209	1209
Bola	pela1242	yellow		sɨ³¹_kuə³³	s ɨ k u ə	s3ku3	S V K V V	S I K Y E	yellow:312	312
Guiqiong	guiq1238	yellow		sə²⁴	s ə	s3	S V	S E	yellow:312	312
